90.16833 220.4061 84.56541
92.53107 217.6843 96.46067
96.40821 222.0221 111.0663
101.279 230.2109 117.1002
104.2933 234.9587 120.6578
105.5886 237.2988 121.9646
105.808 237.4705 122.1539
105.9066 237.5462 122.3101
106.0769 237.605 122.4914
106.3977 237.5083 122.8979
108.1057 235.6757 125.4938
113.8464 220.3326 134.3874
144.0043 195.6504 167.7604
189.3823 205.9792 207.8475
224.5588 242.378 228.3641
261.6465 260.0068 256.5691
295.9046 241.2475 285.5141
347.9689 228.6078 325.9063
416.4403 184.458 374.8102
533.017 170.9532 466.6116
620.748 221.6333 521.2773
