94.4624 221.6655 103.9991
95.48743 219.5476 108.3658
96.98652 215.2607 114.746
98.54251 209.1607 121.3633
100.4465 199.0184 129.205
103.9074 184.5703 137.9775
113.2227 164.9546 153.1783
129.4615 148.5455 167.6237
90.18018 221.6435 84.56177
90.72928 221.2394 87.49264
91.32856 220.7848 90.54134
92.1333 220.9294 94.24606
92.86942 221.5394 97.36032
93.48117 221.686 99.91161
94.13216 221.3235 102.6266
94.9229 220.3146 105.6803
96.83022 217.6683 110.3309
99.04243 214.2598 114.3235
102.633 209.0431 119.643
108.3559 203.9542 126.8296
116.7636 199.5815 136.1673
126.5843 197.3756 146.0997
137.0132 197.6662 155.9432
146.5368 200.2832 164.474
156.4497 205.457 172.9876
164.9893 212.0352 180.0587
174.5008 217.6876 187.7919
181.1456 220.2921 195.5899
182.7572 220.6922 204.9268
182.6418 218.8487 215.7547
182.152 214.9687 225.9419
181.0244 209.7237 238.5949
178.9559 205.617 253.3584
175.9815 198.935 268.3793
167.921 188.6248 282.008
154.7746 179.2775 295.7598
138.7013 173.6944 306.695
122.1568 171.6101 320.3223
114.5264 173.9076 341.5107
125.9154 181.4869 364.2538
148.3186 190.7808 362.8732
165.2009 195.183 353.5707
185.6659 195.3212 353.3759
202.1036 188.9472 368.8635
206.8695 181.1717 394.0408
202.4174 171.8781 417.0138
190.6983 163.4032 442.7511
185.9019 157.3449 473.3853
188.8354 157.319 506.2712
194.5186 163.1357 537.0402
191.0893 173.2601 566.0712
186.1253 188.0062 592.7924
191.5616 202.1202 616.2175
209.6808 213.9287 632.3629
226.1618 219.8733 649.3342
236.5555 221.3583 671.2225
254.8434 224.9163 687.2673
279.0238 226.8138 696.3445
303.4046 224.3188 705.2567
326.4409 224.4559 711.8459
348.5479 228.4404 716.3774
370.0475 236.5134 718.1718
390.2782 245.4767 715.9775
410.1165 250.6735 709.6312
429.4442 252.0591 699.7808
450.0507 253.7271 688.2321
471.5376 253.3145 680.711
496.4005 248.0312 674.3444
518.3568 238.8811 666.6306
542.2535 222.963 656.5334
568.5353 204.1099 646.5843
598.2459 189.8268 634.6994
