90.18233 221.9691 84.5611 -0.01176549 0.09229002 -0.05629407
90.59285 221.6911 86.75309 -0.0749123 -0.09695022 0.06418783
90.91473 221.1568 88.46957 -0.1610199 -0.1008725 0.0715932
91.2576 220.2183 90.29713 -0.245902 -0.1040271 0.07845368
91.68842 218.5293 92.59287 -0.3289127 -0.10639 0.0847171
92.34366 215.8454 95.91788 -0.2629608 -0.1129467 0.07668342
93.33688 213.3669 100.4453 -0.1787178 -0.1192003 0.06654766
94.93911 211.0648 107.1903 -0.09311461 -0.1245467 0.05590544
96.85612 209.9614 114.6391 -0.005019144 -0.1497957 0.05737552
100.7129 210.1549 121.4012 -0.08957155 0.422008 -0.05833426
107.2474 210.2113 124.8645 0.002052209 -0.5857896 0.06802884
113.7091 209.0401 126.6352 -0.08063345 -0.5981641 0.09730318
120.1492 206.6032 128.7671 -0.1525675 -0.5599821 0.1401221
125.819 203.1727 131.0924 -0.2258297 -0.5270829 0.1792607
131.7557 197.9073 133.913 -0.2714483 -0.5005559 0.1971918
138.6645 192.394 137.5376 -0.2025749 -0.4990506 0.1473355
147.8784 187.4912 142.7265 -0.1301333 -0.4943274 0.09964625
160.2527 183.6928 150.1617 -0.05502184 -0.4859969 0.05404564
171.47 182.6312 157.247 0.02171199 -0.4785428 0.01093712
183.6549 184.0556 165.2014 -0.09707402 0.4646251 0.03427549
192.9176 187.6137 173.5826 0.1686727 -0.2972143 -0.08483522
197.2436 192.5623 182.922 0.255537 -0.136434 -0.07451925
199.465 199.5882 192.8737 0.3381287 -0.09435653 -0.05242569
200.7886 207.5329 201.012 0.4175918 -0.0682763 -0.03980741
201.6171 216.5405 207.6609 0.4481531 -0.05046101 -0.02520897
202.4161 225.6788 215.6091 -0.3677117 0.03790535 0.006825585
203.0767 232.3306 223.9326 -0.2844873 0.02879648 -0.005948671
203.4044 237.3952 233.5394 -0.198696 -0.0268296 -0.001770867
202.1169 240.4383 242.9569 -0.1112563 -0.1084039 0.004436058
199.4207 241.6729 252.247 -0.02399896 -0.17375 0.02252307
195.4583 241.1024 261.6569 -0.06168616 0.2268775 -0.04892529
191.1897 238.724 270.3434 -0.1491707 0.2065573 -0.06380138
187.759 234.4581 279.3796 -0.2351595 0.1433268 -0.07226889
185.9524 228.1717 288.9002 -0.318009 0.05702484 -0.07245141
185.8446 220.4177 297.4167 0.3976676 0.0005289608 0.06022778
187.1745 209.1725 307.7882 0.3624827 0.05413735 0.04802199
190.6934 196.4866 323.793 0.2776968 0.06453661 0.06495542
189.603 184.5262 346.0522 -0.1814423 0.1673528 -0.06660107
180.0121 177.1174 367.8629 -0.08747211 0.2469042 -0.02252274
168.0095 174.6282 390.2757 0.0004844691 -0.1817244 -0.0390718
164.6067 174.8233 418.4807 -0.02625793 0.07309883 -0.04439995
171.4121 179.5606 455.244 -0.1167245 0.06266427 -0.01090228
170.9675 187.9996 481.8011 -0.2044557 -0.0888591 -0.01671033
163.2525 200.917 505.6126 -0.2405246 -0.253331 -0.01476516
147.9899 210.0905 522.548 -0.1445482 -0.371803 -0.009706356
131.1976 214.5924 537.9282 -0.1061902 -0.4166134 0.005813519
118.2194 219.7769 552.2158 0.1708512 0.2141424 0.05513615
118.4356 227.9219 570.2903 -0.2442787 0.2837063 -0.04082196
135.1057 237.4823 579.8321 -0.2273836 0.5842667 0.1133177
153.4036 249.1722 583.8981 -0.2156293 0.5858527 0.2317504
169.1691 261.5189 589.0054 0.1595859 -0.6031488 -0.2487416
186.6687 270.7578 592.12 0.05540572 -0.6767465 -0.2187525
206.0613 276.5891 592.3857 -0.03223455 -0.7270644 -0.1705054
227.6498 279.428 588.8966 -0.08705584 -0.8002663 -0.1158232
245.091 280.0897 581.7884 0.1299127 0.8464261 0.05544646
263.0618 277.3639 572.2739 0.1742706 0.7951577 -0.02107937
282.2703 270.1956 566.2204 0.1992403 0.7943082 -0.1126795
300.1454 258.8697 555.2846 0.2232922 0.8580354 -0.1951535
314.7852 247.9848 539.4747 0.179776 0.9169382 -0.1187662
330.0374 240.5171 516.6967 0.1506774 0.9515728 -0.03421196
343.1718 238.6217 491.9843 0.131986 0.965282 0.05314241
353.3296 241.4915 470.4197 -0.1182585 -0.9615716 -0.1403377
365.06 244.6052 450.0583 -0.1468158 -0.94371 -0.06097427
377.4995 243.3376 433.5651 0.1809225 0.9195196 -0.017492
393.1327 237.2667 416.309 0.2127193 0.8892284 -0.07805768
411.8718 230.7483 399.6305 0.1822996 0.8773586 0.001829252
436.9185 227.7767 382.1803 0.1448454 0.8601767 0.07884823
463.774 229.5736 367.3273 0.1020276 0.8399864 0.1529964
493.1585 232.7512 353.7333 -0.1399184 -0.8264957 -0.09532035
522.1273 231.1507 341.5344 0.1391044 0.7960429 0.09497162
553.1339 231.6346 340.1895 -0.06276093 -0.5781245 -0.1456094
579.6571 230.1479 356.6761 0.1118373 0.3990648 0.07206625
603.6901 226.8259 377.429 0.09994598 0.4182341 0.05775648
626.8413 220.4264 395.8741 0.170321 0.4240043 0.01212418
648.9285 213.1245 416.5521 0.0906691 0.2958273 0.05688025
663.2844 209.5613 445.8582 0.07864708 0.1388959 0.04462859
671.62 200.5618 482.0565 0.1543029 0.09175876 0.01815832
677.6049 190.5536 514.9391 0.09700842 0.07761874 0.01799721
