90.1698 219.9723 84.56494 359.2551 10.65097 353.4482
90.40576 219.0402 85.85999 356.2747 10.99385 353.4348
90.72742 219.08 87.5199 353.2945 11.33906 353.4034
90.98218 219.1862 88.79517 350.3145 11.68852 353.3536
91.56824 219.5009 91.63324 347.3348 12.04424 353.2846
91.89441 219.8038 93.16998 346.3486 12.28593 353.2275
92.14581 220.0581 94.32697 349.3486 12.28593 353.2275
92.39441 220.2265 95.47147 352.3486 12.28593 353.2275
92.91895 220.3746 97.89044 355.3486 12.28593 353.2275
93.26563 220.4314 99.48767 358.3177 11.6926 354.2457
93.44836 220.4238 100.4468 1.155113 8.216279 355.824
93.59241 220.2958 101.9076 3.777299 358.6838 356.4718
93.46405 220.0844 103.567 6.420722 348.8439 356.6789
93.15204 219.8588 104.897 9.189273 341.7953 356.8646
92.16846 219.1772 107.366 11.86493 330.3075 357.2279
91.0603 218.5852 109.1533 14.7006 323.1281 356.9884
90.33069 218.2156 110.1115 17.6946 321.9734 355.9063
89.0741 217.4072 111.764 20.78599 324.0663 357.0579
88.0528 216.6395 113.2036 23.82671 325.6111 357.9008
86.10242 214.7713 116.1558 26.8469 328.2166 359.3113
85.01825 213.6069 117.9358 29.83627 329.463 359.9823
84.19617 212.6054 119.3466 32.82131 330.3511 359.9588
82.04266 209.2874 123.3891 31.71026 335.3761 1.813485
80.96973 207.5307 125.8076 28.62232 337.3951 2.535159
80.28625 206.4864 127.481 25.56314 338.4494 2.902623
78.63611 204.0629 131.8599 22.40713 340.8321 3.750129
76.54279 200.935 138.3922 19.10276 345.6916 4.581396
75.27942 198.7952 143.8521 19.82392 349.2927 5.505423
74.37866 196.6973 149.1052 22.55753 352.2632 6.260901
73.88397 195.0029 153.0527 19.38573 353.8271 6.614537
73.34039 192.852 158.7799 16.09995 356.7728 6.222727
73.21423 190.9717 164.8284 12.62466 2.400684 7.162801
74.04749 188.5373 174.5755 10.85135 9.858497 8.353235
75.5661 186.8821 182.1593 11.46521 12.29508 9.850679
77.23566 185.1067 189.8697 8.358248 11.49132 9.982018
78.96893 183.6198 198.441 5.355441 9.71494 10.56229
79.8855 182.9628 204.0964 2.470405 7.414436 10.53986
80.71918 182.5482 211.1198 359.5912 4.96863 10.54347
81.51978 182.2497 222.0665 0.7006246 2.306972 10.55331
81.77209 181.9915 229.8312 357.8064 0.2897959 10.56623
81.75861 182.1715 236.9551 354.9015 358.5669 10.60452
81.53778 182.7172 244.0345 353.9076 357.9599 9.605642
81.42297 183.4411 251.7002 356.5969 1.340392 9.362037
81.66602 183.7305 258.0778 359.3795 3.798184 9.173574
82.55011 183.6417 268.2491 358.121 6.833969 9.406134
83.5351 183.7589 276.4919 355.1588 6.236178 9.261231
84.50684 184.2594 285.3382 358.1561 6.136739 9.102428
85.38574 184.381 293.5399 357.1783 5.739813 8.987449
86.14392 184.6355 301.1037 354.276 4.410685 9.448414
86.63403 185.1851 308.6446 357.4393 2.228068 9.422906
86.85419 185.4127 316.8136 0.5905483 0.1933411 9.393616
86.8009 185.2872 324.3573 357.7498 358.0891 9.373137
86.46069 185.3648 331.8954 0.9771642 355.1692 9.870362
85.68207 185.0916 339.3994 4.1713 352.7164 9.380785
84.604 184.425 347.5216 3.257417 351.6702 9.396078
83.47888 183.8341 355.047 4.318348 350.9355 9.408351
82.35693 183.1775 361.9715 1.396855 349.989 9.404001
81.03339 182.8564 369.571 0.2876431 351.5643 8.439296
79.94678 182.6658 378.522 2.974814 355.9358 8.473022
79.50757 182.0244 387.543 1.731104 359.3325 8.46886
79.54474 181.6626 395.3383 2.547374 1.888708 8.463522
79.9126 181.1847 403.1444 5.379235 4.227029 7.954234
80.80017 180.337 411.5902 1.938632 10.76793 6.579606
82.78119 179.9667 419.2437 358.1776 22.84204 5.764412
87.4353 180.0363 427.9734 0.2940633 36.7743 6.293861
93.409 179.8397 435.0288 2.650779 46.87354 6.697231
100.3937 179.3529 441.1273 1.283007 52.57712 6.507383
107.9783 178.9856 446.5229 3.893106 59.30465 5.832834
114.9908 178.4079 450.376 0.5635738 65.50432 4.682841
124.4209 178.1476 453.8422 358.9751 78.72237 4.032722
134.3954 178.1911 455.0532 1.426709 93.25481 2.265059
143.6405 177.8183 453.5422 359.9353 111.7627 1.423863
151.424 177.7067 449.5623 358.6312 127.1973 1.058129
157.9478 177.7929 443.7471 1.455421 141.2151 359.6862
162.4248 177.4567 437.0359 2.397698 156.1192 359.8674
165.0619 177.0259 430.0909 359.4151 163.7505 0.5129059
166.9516 176.9045 422.8741 2.470863 168.4376 0.6764466
168.5192 176.4183 414.8814 1.573838 168.4124 1.779305
170.2418 176.0893 407.5809 0.7275618 161.9379 1.829096
172.5356 175.9142 401.1436 3.803775 158.6402 359.9535
175.2311 175.3008 394.1218 4.859936 159.1452 0.6377974
178.027 174.5306 387.1009 3.919651 158.1892 358.7813
180.9281 173.9207 379.3139 1.034646 163.1873 358.1289
182.9366 173.6744 371.9199 358.1479 168.0277 358.5407
184.5643 173.8005 363.7138 355.2323 170.3558 358.4752
185.8623 174.376 355.4908 352.3073 172.3776 358.9172
186.9834 175.383 347.3309 349.3526 171.8521 358.9927
188.0961 176.7084 339.9854 348.388 169.0511 0.2726274
189.6748 178.1466 332.824 351.4517 164.1672 1.739269
192.0309 179.1539 325.8769 354.6565 154.9952 3.018061
195.4733 179.7182 319.395 357.9919 145.4942 4.232712
199.9618 179.863 313.5937 1.413776 136.5152 4.334567
204.7168 179.6695 308.9105 358.7718 130.4553 4.764934
209.3962 179.7316 305.133 0.08650758 125.6911 5.084998
215.4863 179.592 301.0252 3.419536 121.4245 4.408993
221.7441 178.9969 297.1758 4.508088 123.5472 3.317291
227.2041 178.3636 293.2745 3.396166 130.5453 2.344785
232.048 177.8815 288.5788 6.097003 142.3753 2.432753
236.449 176.9912 281.7659 2.690545 154.8951 4.42593
239.4291 176.5267 274.8522 359.5662 158.324 6.085779
242.2815 176.4559 267.8482 356.7728 155.1652 7.705017
245.407 176.7253 261.7382 354.3275 146.8215 8.88752
249.8761 177.3413 255.7143 351.9908 137.3002 8.001884
254.5817 178.2027 250.8692 349.3574 132.0703 8.94521
260.2732 179.4661 246.259 347.1586 121.2984 10.80514
266.7215 180.99 243.0556 345.5469 105.3799 13.05081
274.3527 182.7992 241.9133 346.7478 84.06658 15.36359
281.7916 184.395 243.7365 352.1881 62.7411 14.48238
287.7985 185.2921 247.4662 350.5623 49.93899 13.32785
293.7211 186.4999 253.231 348.6834 37.59744 11.87294
299.0544 188.0902 260.9701 352.2213 28.96438 10.94678
303.0718 189.181 269.422 355.6596 19.94091 8.834504
305.8978 189.6803 277.6736 358.5881 17.06205 7.746378
308.361 189.8365 286.0278 359.4008 16.20295 6.315049
310.7965 189.7682 294.3819 2.186548 16.42565 5.514444
313.0875 189.3178 302.1399 5.019579 16.5711 4.881543
315.5818 188.3742 310.5137 7.868042 16.67527 4.299811
318.1041 186.9589 318.931 10.74078 16.73779 3.805115
320.2894 185.3546 326.2001 13.64785 16.76487 3.439402
322.4954 183.3238 333.5273 16.56755 16.77168 3.119216
324.9118 180.63 341.5518 19.49273 16.76252 2.816614
327.1705 177.6609 349.0581 18.43527 16.64863 2.541133
329.698 174.505 357.5156 17.38109 16.5536 2.291103
332.0996 171.6761 365.6 20.33653 16.54531 2.112776
334.726 168.0165 374.4463 21.29555 16.49176 1.929913
337.4182 164.0868 383.5444 18.26133 16.37897 1.752024
340.0135 160.8613 392.3772 15.23404 16.28501 1.613854
343.3754 157.3274 403.8859 12.2046 16.20611 1.477208
346.3793 154.7843 414.2177 9.19524 15.33187 1.802371
349.1507 152.7953 424.8982 6.203612 12.94632 1.504991
351.363 151.5177 435.0289 3.201779 11.06124 1.273505
353.4281 150.7199 446.1934 0.1892192 10.13964 0.07733629
355.4737 150.5559 456.5222 357.1717 13.23314 359.9728
358.3211 150.9631 467.5536 354.1786 18.51768 358.308
362.2036 151.9118 477.2432 351.327 29.78924 356.3923
368.6638 153.4737 486.3475 348.8422 47.73756 354.0899
378.4137 155.635 493.0375 346.9776 71.28257 352.5352
389.8223 158.1336 495.3874 345.24 91.88885 351.9878
401.9599 161.1557 493.6188 343.4485 110.39 351.8737
412.7872 164.5478 488.4007 341.4946 126.8134 350.9084
421.8064 168.5022 479.7544 340.0635 149.0441 348.6896
425.8555 171.9349 470.6812 338.7642 169.1279 348.4214
426.8993 175.5676 461.0033 336.8011 181.2954 350.457
426.476 179.2378 452.2815 334.0117 184.1157 353.6921
425.9556 183.6104 443.1804 334.9619 181.5723 356.413
425.8219 187.1315 435.5175 337.9926 179.7277 358.3991
425.9355 190.4876 427.0904 337.0742 178.0579 0.2517746
426.2813 193.9148 418.8365 334.1874 176.4696 1.910204
426.7785 197.317 411.5191 337.3068 175.2406 3.214876
427.5064 200.8686 402.8343 336.383 176.6438 3.073814
427.791 203.9859 395.6394 333.3871 179.4044 3.424467
427.7317 207.7253 388.0831 334.3773 182.126 3.716948
427.3762 210.9993 381.2213 337.36 184.3613 3.920656
426.696 214.0962 373.6871 338.34 186.4091 4.640107
425.9116 217.0124 366.2261 335.5335 183.3019 6.73952
425.6902 220.1494 358.9559 338.8692 178.727 7.948933
426.0236 222.888 351.6746 340.2419 174.6777 9.000206
426.7314 225.1941 345.0712 339.4616 173.1989 8.078432
427.3791 227.7905 338.0154 342.2467 179.021 5.855771
427.0616 229.9872 330.9394 342.9394 190.8948 3.1604
425.2548 232.0684 324.1772 341.9943 200.8067 3.223609
422.9059 234.0338 318.3261 345.2967 202.3697 4.515912
420.6137 235.6051 312.4362 346.8127 197.586 6.617276
419.0109 236.9644 306.3578 346.5721 189.1659 7.539902
418.1119 238.8971 297.9861 348.4031 182.4182 7.126195
417.954 239.8661 292.964 351.7471 180.643 7.204397
417.9589 240.7231 286.8254 349.1478 178.3294 7.840898
418.346 241.867 280.2409 346.8047 172.2711 8.785214
419.3217 243.0819 274.3807 350.3777 167.1576 9.063589
420.6478 243.9088 269.1567 353.8525 163.0825 9.246193
422.5045 244.4447 263.5284 353.3507 158.8173 9.421681
424.7424 245.0116 258.0833 354.7849 155.2047 9.537258
427.2939 245.4449 252.8087 358.2068 151.6039 10.61705
430.3043 245.4842 247.7842 2.032203 143.4212 11.23227
434.003 245.1403 243.2399 5.811812 135.7243 11.23029
438.2605 244.3905 239.1996 9.48896 128.9738 11.14202
442.9511 243.2472 235.634 12.89306 125.1694 9.681712
447.7743 241.7402 232.1754 13.76118 127.8768 8.771536
452.7985 239.9422 227.8864 10.15084 135.8221 9.37234
457.3597 238.5808 222.7534 10.60767 141.451 11.20384
461.2627 237.2532 217.6901 13.29907 144.1104 11.22137
465.5416 235.2663 211.3762 11.76232 148.829 11.37068
468.7607 233.7752 205.555 9.913288 156.4852 11.19001
470.9564 232.6194 199.7791 7.930011 164.7439 10.90037
472.2802 231.5838 192.9905 3.343195 178.0557 10.72869
472.0738 231.2132 187.243 359.0057 188.5072 12.13842
470.6953 231.2767 180.3165 355.0767 194.2879 13.44796
468.9663 231.783 174.1682 351.3017 199.0958 12.12303
466.6064 232.7175 168.3339 347.2143 207.439 10.95527
463.3874 234.1122 163.0999 344.8787 220.4032 8.52779
459.0491 235.6687 158.921 346.6891 237.1749 6.211741
452.6215 237.3238 155.7255 349.0687 254.6551 4.516825
444.9775 238.7108 154.3395 352.1153 268.3022 3.161682
437.817 239.5893 154.5648 355.4498 280.0364 0.2083381
430.3566 240.0429 156.6346 359.1391 298.1912 357.1577
424.0503 239.9513 161.1097 3.354461 321.1027 354.5514
419.9125 239.1894 168.3152 8.09571 349.6647 352.8514
419.7847 237.8303 176.0382 12.67388 19.40058 352.3951
423.6047 235.9153 182.805 10.48424 47.89697 355.6774
429.0585 234.5187 186.8981 11.43719 62.01249 357.9337
436.4709 232.6903 190.3467 14.17035 69.47049 359.5555
444.2228 230.412 193.2267 16.90485 68.32388 0.3239808
451.3088 227.8858 196.3096 15.63427 62.95207 359.1929
458.9221 225.2543 200.4478 12.3433 60.43598 356.9902
467.446 222.901 205.0934 9.181916 63.51271 356.9711
476.4678 221.0792 209.427 6.048531 66.13715 356.9444
485.8669 219.8177 213.4464 2.938439 68.38093 356.9117
494.8362 219.1798 216.8997 359.8539 70.188 356.8769
503.9484 219.0448 220.0978 356.783 71.75132 357.3371
513.7574 219.4915 223.4874 357.6248 68.56122 357.9051
523.3124 219.7818 227.4683 0.4831229 65.13712 357.9926
531.9661 219.5536 231.6488 3.37523 62.43988 358.0675
540.4191 218.9461 236.2536 0.2681382 58.66562 358.596
548.5507 218.7679 241.489 357.1666 54.55764 358.5993
555.1229 219.0722 246.3513 354.0928 51.57051 358.602
562.5223 219.9405 252.4559 351.0123 47.69373 359.6551
568.7286 221.2261 258.6025 347.9512 40.78216 359.9485
573.6748 222.7405 264.7424 350.9279 35.2574 0.1884777
578.03 223.9251 271.2999 353.9262 30.42994 0.3979104
582.5464 224.7721 279.4372 352.9395 27.22037 0.5240999
586.5109 225.7788 287.7784 350.0052 20.3194 2.374545
589.1916 227.3708 297.1847 349.3544 5.722433 4.286389
589.3521 229.0356 306.84 352.8276 353.9183 3.902486
588.027 230.0107 315.7189 356.1783 346.9711 4.142541
585.9308 230.4343 323.7327 359.4258 343.0106 3.756667
583.3801 230.4782 331.6125 356.6287 340.1042 3.828868
580.2526 230.858 339.9994 355.75 339.9883 2.81514
577.1081 231.427 349.0586 358.7989 342.4989 2.212906
574.7027 231.4677 357.6222 1.776881 348.6367 1.570156
573.3503 231.0774 365.724 0.7636475 354.1107 1.446517
572.7399 230.8355 373.9478 359.7616 358.8464 1.840522
572.6706 230.7133 383.581 2.805003 1.009169 1.762344
572.8937 230.1673 391.8413 5.838634 2.590193 1.706033
573.3769 229.0621 400.7965 4.872183 4.002916 1.648274
574.0303 228.115 409.847 1.950225 2.61183 3.00013
574.1311 227.5214 419.0027 5.105002 356.7512 2.727246
573.3385 226.5365 428.1485 4.216156 351.651 1.97438
571.9395 225.6839 437.3134 3.23282 352.2758 0.9463175
570.9202 225.0565 445.8679 6.224105 354.9934 0.9902934
570.2036 223.7592 455.9143 9.225828 356.7225 1.474675
569.6979 222.2983 464.5873 6.245176 356.5032 1.368081
569.1986 221.2818 472.6657 3.260257 356.3311 0.7862957
568.7551 220.5543 482.3298 0.2539287 0.1835814 0.3361699
568.9902 220.3534 491.3079 359.2426 4.066812 0.3981922
569.809 220.3455 500.2554 2.229311 7.4383 0.4509681
571.0059 219.8932 508.4055 3.223455 9.312776 1.469572
572.2604 219.2907 516.5739 0.2533534 7.523384 1.376189
573.4444 218.9724 526.3176 3.280096 5.770206 1.282164
574.1523 218.4347 533.8409 6.29638 4.593636 1.218643
574.7629 217.3866 542.1339 9.310919 3.450049 1.156443
575.2156 215.882 550.4499 12.32263 2.445727 1.101299
575.5042 214.0861 558.0285 15.33133 1.639011 1.056489
575.7595 211.4029 567.1564 16.32939 3.126716 0.3113567
576.2469 209.253 574.0942 13.30836 5.74645 0.691044
577.1653 207.2325 582.0002 10.27108 8.301322 1.058457
578.4773 205.6229 590.0495 7.210168 12.33995 0.02976231
580.634 204.4514 598.0623 4.07414 21.64634 359.3303
584.3044 203.7445 605.6038 0.8142778 35.60386 358.7425
590.4688 203.5211 612.5234 357.3462 53.3824 359.6133
597.6372 203.8509 616.9574 353.7928 67.55659 0.182907
605.5942 204.7257 619.5555 350.1992 80.08028 0.5664378
612.9851 205.978 620.3525 348.68 91.92624 359.6152
621.8812 207.7407 619.2435 351.1572 106.8161 359.3531
629.5092 208.9573 616.3258 353.7974 118.7425 359.0522
