90.11676 214.1356 84.5813 359.2551 10.65097 353.4482
90.84937 211.6344 88.59424 356.2747 10.99385 353.4348
91.50562 211.7539 91.98163 353.2945 11.33906 353.4034
91.99261 211.986 94.41693 350.3145 11.68852 353.3536
92.54865 212.398 97.10303 347.3348 12.04424 353.2846
93.35144 213.1612 100.8735 344.3557 12.40839 353.1955
94.02502 213.9704 103.9409 341.3771 12.7833 353.0851
95.04663 215.3758 108.4463 342.3845 12.91111 353.0432
95.68854 216.2662 111.2524 345.3845 12.91111 353.0432
96.32391 216.9273 114.0297 348.3845 12.91112 353.0432
97.0061 217.4652 117.0123 351.3845 12.91112 353.0432
97.67883 217.8219 119.9536 354.3845 12.91112 353.0432
98.34497 218.0053 122.8658 357.3845 12.91112 353.0432
99.06335 218.011 126.0072 0.3844677 12.91112 353.0432
100.0729 217.6256 130.6283 3.235485 10.14755 353.538
100.4975 217.3811 133.1367 6.150084 8.564552 353.5382
100.7556 217.1329 134.9177 9.096166 7.564986 353.5396
101.1701 216.4139 138.2899 12.00744 5.919047 353.544
101.4807 215.5539 141.5253 14.93712 4.613335 353.5493
101.8079 214.0241 146.0466 17.79065 1.787179 353.8817
101.8525 211.9761 151.2194 20.56187 357.6483 353.5289
101.723 210.9061 153.8189 23.46265 355.9695 353.3887
101.4855 209.4689 156.8166 26.35802 354.2574 352.7463
100.7937 205.4152 163.8451 29.35274 354.645 353.2162
100.4728 203.3157 167.3029 24.38761 355.5571 353.7462
100.2088 201.6426 170.698 15.43162 356.6572 354.2232
99.77472 199.2733 178.2415 10.44756 357.3953 354.5766
99.39264 197.3857 186.7537 13.43516 357.5124 354.7707
98.95215 194.459 197.0272 16.42311 357.6328 355.4556
98.32874 191.0262 207.1401 19.28018 354.2865 355.1608
97.39697 187.8311 215.383 14.20208 352.6706 355.1337
96.16888 185.3807 224.2148 5.203462 352.883 354.7303
95.06781 184.3022 233.5225 358.2695 354.5927 354.8634
94.1665 184.2816 243.5972 1.263116 354.5594 355.4705
93.15955 183.8753 253.0319 358.2019 352.9993 355.5678
91.90912 183.9921 262.4655 359.1457 351.511 355.1465
90.505 183.9351 272.5086 356.2271 353.4024 355.1646
89.54816 184.3717 281.31 353.2862 354.7888 355.1639
88.74634 185.2025 290.6808 356.3293 355.8073 355.1851
88.11322 185.7383 300.027 353.3755 356.9101 355.1807
87.6225 186.6925 309.9139 352.4139 357.8309 355.175
87.25415 187.76 319.0786 355.3716 356.5142 355.8086
86.63995 188.2922 327.5932 358.3146 354.6752 355.9659
85.77051 188.3537 336.075 1.270439 353.1291 355.5999
84.87921 188.0294 343.9482 4.325172 354.346 355.7122
84.05188 187.3372 353.0903 357.3947 356.0457 355.8308
83.42944 187.4553 362.9166 0.4371421 357.0886 355.9299
83.00531 187.1863 372.1357 3.468829 357.9036 356.0074
82.70398 186.4115 381.3816 6.494419 358.5869 356.0725
82.5285 185.3149 389.4343 5.519475 359.2934 356.1456
82.42163 183.8299 399.4781 0.5508156 0.2091365 356.2201
82.4646 183.3726 408.437 359.6084 1.812753 355.2744
83.07361 183.1233 417.4122 356.9257 9.979497 353.8907
85.67004 183.4247 427.3401 354.4953 23.76472 354.0106
90.73517 184.227 436.9169 351.9528 35.78469 354.2048
97.48975 185.5349 445.2113 351.3431 46.68129 353.3447
106.3046 186.9817 452.0566 355.1912 64.50812 352.0063
116.2047 187.5664 455.6149 357.12 81.17241 351.8207
126.0659 187.8277 456.3707 354.8714 94.32638 351.8406
135.813 188.374 455.0127 358.4452 104.8098 352.0028
144.5947 188.4323 452.2293 1.865117 112.9659 352.1994
152.931 187.9088 448.2872 5.191277 119.7833 352.408
160.2865 186.9036 443.763 4.452934 125.5234 352.6386
167.7533 186.0088 438.0901 357.7812 132.4029 352.3656
174.4744 186.1807 431.4458 357.098 139.217 352.5848
180.0101 186.4673 424.6133 0.3125595 144.3521 352.7908
185.2885 186.2163 416.8104 3.489067 148.9819 352.9918
189.3261 185.5431 409.6968 6.760608 154.8793 352.2348
192.4704 184.5658 402.0995 358.1778 163.4067 353.1227
195.1921 184.5727 392.2229 359.2244 166.1006 353.9955
197.2842 184.5143 383.5115 2.206949 167.2407 354.7818
199.3497 183.9922 374.7847 357.1024 166.1364 355.0002
201.5952 184.0753 366.0626 -0.001929742 164.7469 354.6857
203.8472 183.9102 357.3445 357.1265 168.2954 354.3182
205.4852 184.1944 348.494 358.2566 171.9258 354.9388
206.6389 184.3045 340.2333 357.2603 172.5454 355.0913
207.8401 184.4607 331.3391 358.1641 170.2434 356.3035
209.4547 184.5907 323.1818 1.024188 166.0386 356.5501
211.674 184.2929 315.1671 3.879453 160.729 357.2569
214.4193 183.6334 307.9842 6.764181 155.8657 357.4275
218.0756 182.4696 300.4695 9.638888 149.6143 358.0006
222.5823 180.8572 293.3717 4.527125 143.7707 358.0637
227.4725 180.086 287.0864 357.4424 139.1989 358.104
233.3238 180.3251 280.6666 358.3633 134.7516 358.1424
239.6208 180.4192 274.705 357.2994 131.0187 358.1795
246.2503 180.5583 269.1205 354.2773 129.4113 357.6717
253.437 181.3277 263.2623 351.2758 128.9092 357.6356
260.0603 182.5243 257.9496 348.2751 128.5431 357.5967
266.5876 184.1576 252.7774 345.2749 128.2529 357.5528
272.5095 185.9641 248.1316 348.2726 127.9193 357.5416
278.9125 187.6464 243.1617 345.2731 127.7415 357.5007
284.2249 189.3373 239.0623 342.2744 127.6519 357.4545
291.2647 192.0627 233.6505 339.275 127.5207 357.9017
296.7786 194.599 229.5908 340.2356 123.5494 359.0184
302.5206 196.9714 225.9927 341.2391 119.4049 359.6725
308.9328 199.3441 222.5763 338.2828 115.5231 0.2873533
314.8114 201.8703 219.9053 339.3453 112.4183 0.781177
321.2507 204.4019 217.3813 342.4256 109.5543 1.227557
327.271 206.4254 215.338 341.5049 107.2376 1.592589
333.2505 208.4402 213.5614 344.5836 105.2849 1.889455
339.7822 210.1945 211.8531 345.6663 103.443 2.168418
346.7811 211.915 210.2538 342.7513 101.6617 2.448507
353.1306 213.7617 208.994 345.8214 100.3546 2.640977
358.9769 215.1779 207.9632 346.8813 99.27584 2.801329
366.2209 216.7504 206.8296 347.9768 97.15167 4.084131
372.4656 217.9637 206.2914 351.3389 88.96847 6.455517
379.1513 218.8118 206.9526 355.2387 74.77515 8.161438
385.0273 219.1638 209.0031 359.1385 63.79146 7.938678
391.3521 219.0528 212.4018 2.80138 57.74472 8.491009
396.9336 218.5072 216.141 6.291401 54.00683 8.409665
402.374 217.5463 220.161 9.609504 52.48242 8.30545
407.8577 216.1621 224.247 12.56679 55.69935 8.473209
413.6852 214.3831 228.0468 15.44724 59.1408 9.092503
419.8489 212.1815 231.5832 18.31816 62.07255 9.615882
426.8079 209.3165 235.1292 17.22571 64.18259 9.91133
434.7846 206.2779 238.8466 8.230247 64.8966 9.962624
443.4014 204.6826 242.7662 7.163778 66.23388 9.724326
451.769 203.3302 246.1978 9.838792 70.43378 10.10284
461.0551 201.5978 249.291 0.774784 71.49701 11.21608
471.1189 200.9093 252.8656 4.243911 66.72925 11.70333
479.717 199.9644 256.8297 7.580779 63.32611 10.69648
489.421 198.2413 261.5636 6.492653 64.62031 10.8562
498.24 196.9134 265.6551 357.6573 63.21616 11.93854
506.3554 196.9852 270.0169 355.3052 56.95447 12.52732
514.9129 197.6194 276.0651 353.0306 49.9766 12.57944
522.155 198.5001 282.5804 354.8748 42.01619 13.65994
528.9933 199.1953 291.1771 352.927 32.35784 12.70289
534.3584 200.2611 299.8966 350.2408 29.47245 12.49457
539.5203 201.8788 309.2688 349.4854 27.11129 12.29829
543.9099 203.554 318.1519 352.9305 22.8082 13.30021
547.3822 204.5572 327.4027 352.6818 15.8796 13.51412
549.6975 205.5936 336.919 350.5983 7.790432 14.28413
550.624 206.8604 346.5388 354.3923 0.9108449 13.85848
550.5934 207.7501 356.7541 355.7668 357.7149 13.73451
550.1031 208.2843 366.9048 358.8224 357.3365 13.034
549.6884 208.3775 376.4451 355.8393 357.3177 12.87801
549.266 208.7799 386.5476 358.7883 357.889 12.71458
548.8557 208.7392 396.6354 2.115422 354.9986 13.5976
547.7571 208.1334 406.0889 5.646899 350.1884 13.47614
545.957 206.9248 415.4778 8.78084 349.0417 12.48883
544.2404 205.1846 424.9729 11.58177 351.0385 12.6476
542.8171 202.913 434.6504 10.59417 351.0341 13.03228
541.2762 200.8892 443.9714 1.952211 347.7724 12.64879
538.8495 200.2806 454.7829 359.166 345.7488 12.49106
536.3885 200.2289 464.2823 2.248995 344.91 12.37497
533.7573 199.8718 473.7541 357.4311 343.1436 12.27947
530.8741 200.1286 483.161 354.5533 341.9273 12.24036
527.6774 200.8092 493.0891 357.3327 344.2514 11.04319
525.0157 201.1148 503.8055 357.7905 350.3556 10.19702
523.699 201.335 513.4457 354.5734 353.2277 10.97024
522.5855 201.9715 523.0583 357.5874 353.4773 11.31031
521.4368 202.1878 531.9971 0.8375279 351.1066 11.25169
519.9396 201.868 540.884 4.046715 349.1014 10.69414
518.2167 200.9822 550.4045 358.9265 350.8447 10.23014
516.8737 200.8771 560.0792 359.6868 353.8608 10.31338
515.9943 200.7632 569.1561 2.637154 354.6664 10.87185
515.139 200.1446 578.2463 1.727411 353.914 10.8917
514.0881 199.6427 588.041 356.8497 352.8065 10.44873
513.146 199.8802 596.5413 359.6665 355.0818 9.936197
512.6609 199.7994 605.7253 356.1451 1.615447 8.381555
513.4888 200.294 614.1894 352.286 13.48397 7.629775
516.4702 201.514 623.4031 348.4819 25.91323 7.188632
520.4845 203.1163 630.5807 345.023 34.16203 7.379023
524.8877 204.9456 636.5543 347.649 41.83385 5.395522
531.1298 206.7409 642.4574 346.1512 57.17725 2.987144
537.4948 208.4529 645.8894 345.0697 68.29719 3.44295
544.1764 210.2663 648.3345 348.2442 72.03002 3.765661
551.5447 211.7531 650.5885 351.4155 75.51892 2.636352
559.0485 212.8773 652.1884 348.501 82.45023 2.218272
565.9912 214.1171 652.8649 351.6039 88.05479 1.877496
573.517 215.1134 652.8832 354.7288 93.25842 1.073119
580.988 215.6815 652.1482 357.8479 100.1245 0.6990091
588.3203 215.8147 650.5735 0.9844042 105.9751 0.3932845
596.5712 215.4636 647.9507 4.15567 109.9339 0.09355813
603.5758 214.732 645.2035 7.297221 114.3359 359.9388
610.9178 213.4751 641.6727 10.43677 118.3581 359.8064
618.0729 211.7338 637.6258 13.56327 120.7651 0.1066248
624.7026 209.6575 633.663 16.66868 121.1291 359.8021
631.3951 207.0819 629.6078 19.76023 121.4253 359.5381
638.1948 203.9908 625.4875 22.83167 119.1358 359.8891
645.3674 200.3489 621.7249 25.83779 114.7703 358.9171
