90.14697 218.2118 84.57196 359.2551 10.65097 353.4482
90.22272 217.7865 84.99628 356.2747 10.99385 353.4348
90.38586 217.8182 85.83942 353.2945 11.33906 353.4034
90.55298 217.8991 86.67395 350.3145 11.68852 353.3536
90.6803 217.9958 87.29022 347.3348 12.04424 353.2846
90.85223 218.167 88.09509 344.3557 12.40839 353.1955
90.98157 218.3267 88.68353 345.3627 12.53204 353.1612
91.15454 218.5182 89.46283 348.3627 12.53204 353.1612
91.28418 218.6313 90.04681 351.3627 12.53204 353.1612
91.45703 218.7374 90.8255 354.3627 12.53204 353.1612
91.58655 218.7848 91.40894 357.3627 12.53204 353.1612
91.75916 218.8043 92.18652 0.3626931 12.53204 353.1612
91.88861 218.7874 92.76947 3.362694 12.53204 353.1612
92.06128 218.7178 93.54724 6.362695 12.53204 353.1612
92.1911 218.6366 94.13205 9.362697 12.53203 353.1612
92.36481 218.4829 94.91458 12.3627 12.53203 353.1612
92.53949 218.2771 95.70166 15.36271 12.53203 353.1612
92.67175 218.0929 96.29724 18.3627 12.53203 353.1612
92.80475 217.8717 96.89615 21.36271 12.53203 353.1612
92.98364 217.5246 97.70221 24.36271 12.53203 353.1612
93.11938 217.2222 98.3136 27.36271 12.53203 353.1612
93.30231 216.7594 99.13766 30.36272 12.53203 353.1612
93.44128 216.364 99.76352 33.36274 12.53203 353.1612
93.58112 215.9188 100.3932 36.36276 12.53203 353.1612
93.7215 215.4211 101.0255 39.36276 12.53203 353.1612
93.9101 214.6798 101.8749 42.36277 12.53203 353.1612
94.05231 214.0589 102.5155 45.36279 12.53203 353.1612
94.19415 213.3726 103.1541 48.36282 12.53203 353.1612
94.38306 212.3652 104.005 51.36283 12.53202 353.1612
94.52338 211.5308 104.637 54.36284 12.53202 353.1612
94.75427 209.9868 105.6773 57.36286 12.53202 353.1612
94.89166 208.9718 106.2961 60.36288 12.53202 353.1612
95.0238 207.8747 106.8912 63.36292 12.53202 353.1612
95.14923 206.6966 107.4561 66.36295 12.53201 353.1612
95.2666 205.4311 107.985 69.36298 12.53201 353.1612
95.37469 204.0809 108.4717 72.36301 12.53201 353.1612
95.4375 203.1227 108.7549 75.36302 12.53201 353.1612
95.52112 201.6148 109.1318 78.36304 12.53201 353.1612
95.61603 199.4845 109.5597 77.37947 14.16645 354.7654
95.70618 197.8116 109.9171 68.40163 16.38852 356.8957
95.94989 195.5892 110.7459 59.41114 17.34239 357.755
96.22864 193.9838 111.6385 50.41661 17.89341 358.2073
97.09149 190.4425 114.3147 41.42034 18.26734 358.4767
97.72772 188.6634 116.2393 32.42315 18.5496 358.6468
98.46283 187.1615 118.4301 23.42545 18.78028 358.7552
99.49225 185.7352 121.4575 14.42746 18.98134 358.8206
100.3856 185.0408 124.0525 5.429303 19.16666 358.8526
101.3155 184.786 126.7256 358.4307 19.30653 358.8574
102.0208 184.8319 128.7389 357.4311 19.34649 358.8556
102.9615 184.9511 131.4187 0.4310769 19.34649 358.8556
103.903 184.908 134.0999 3.431077 19.34649 358.8556
104.608 184.7666 136.1083 6.431077 19.34649 358.8556
105.5454 184.4238 138.7782 9.431079 19.34649 358.8556
106.479 183.9305 141.4373 12.43108 19.34649 358.8556
107.1753 183.4511 143.4203 15.43108 19.34649 358.8556
108.0974 182.6689 146.0468 18.43108 19.34649 358.8556
109.0122 181.7338 148.6524 21.43108 19.34649 358.8556
109.9186 180.6438 151.2341 24.43109 19.34649 358.8556
110.8137 179.3867 153.7838 19.43224 19.47333 358.9041
111.9986 178.0973 157.1198 10.45052 20.78306 357.6317
112.8159 177.6689 159.201 1.489265 23.31848 357.4405
114.0638 177.5272 161.9703 356.5182 26.43494 357.7958
115.4607 177.678 164.6686 353.5257 29.28964 358.1304
116.9801 178.0146 167.2773 350.5167 31.98093 358.4473
118.6036 178.4968 169.7898 347.4935 34.51725 358.749
134.132 183.1206 188.2325 348.0005 50.80697 0.7998316
139.2397 184.4863 192.2219 348.826 54.22917 1.209497
142.1811 185.1632 194.2914 345.7289 55.90269 1.931171
145.1154 186.0415 196.2651 342.6771 55.38436 3.902478
146.8168 186.682 197.4645 339.723 53.0925 5.98376
149.4655 187.9107 199.5921 336.9901 46.90798 7.809182
151.3498 189.0192 201.4588 336.2986 41.87021 8.869483
153.0527 190.141 203.4658 339.6388 37.40858 9.71982
155.363 191.59 206.741 343.2205 31.19544 10.84301
156.7156 192.3856 209.091 346.6425 27.35101 11.49874
158.2121 193.1521 212.1783 346.241 22.41744 12.32123
159.4327 193.9522 215.3582 343.8929 17.47974 13.13781
160.1864 194.7147 217.9303 341.4486 13.51462 13.80988
160.7549 195.5766 220.5045 339.0175 9.647045 14.47836
161.1381 196.5554 223.0568 336.5936 5.879911 14.64633
161.3669 197.6393 225.5673 333.9597 4.021747 13.48094
161.5496 198.8158 228.0208 331.102 4.219739 11.9306
161.8342 200.442 230.9765 330.0079 7.67073 10.57232
162.2966 202.1154 233.8553 332.9178 11.7003 9.4709
162.9675 203.6246 236.756 335.8945 15.43634 8.457359
163.8369 204.9537 239.6659 338.9264 18.89543 8.027603
164.6542 205.889 241.9915 342.0761 19.91203 9.108854
165.7041 206.8717 244.9361 345.3896 19.16562 8.923686
166.5248 207.5114 247.3273 348.6255 18.5925 8.782753
167.3284 208.0151 249.7452 351.849 18.03972 8.647703
168.1142 208.3721 252.1859 355.0607 17.50597 8.518117
168.881 208.5716 254.6444 358.2483 17.18953 7.38735
169.6609 208.617 257.1025 1.287872 19.23942 5.716321
170.3232 208.5603 258.9191 4.269614 21.74013 5.59069
171.3155 208.3451 261.2942 7.254268 24.92812 5.428604
172.1471 208.0852 263.0301 10.24879 27.21389 5.310941
173.6598 207.4715 265.8431 13.24962 30.83427 5.122188
174.6522 207.0052 267.4726 16.28328 32.29753 6.445827
176.0017 206.2492 269.6094 15.46426 31.57852 7.327639
177.3131 205.478 271.7924 6.749935 28.50381 6.394822
178.5526 205.1367 274.1393 357.9764 25.77517 5.670837
183.6221 204.8618 285.8222 1.462281 18.55855 2.792745
184.8545 204.7164 289.6588 4.530778 16.55412 2.003574
185.9541 204.3535 293.5311 7.569442 14.65031 1.265039
186.771 203.8849 296.7793 10.58248 13.13699 0.6850411
187.5012 203.2368 300.037 13.58077 11.68308 0.1338689
188.0225 202.5798 302.6447 16.57027 10.55941 359.7115
188.6017 201.5596 305.8934 19.54734 9.199576 359.2036
189.0051 200.5872 308.4814 14.52349 8.278063 358.8517
189.5574 199.4809 312.5297 5.481792 7.117483 358.364
190.0454 198.9321 316.7306 8.430516 5.862305 357.8812
190.384 198.3625 320.2395 11.38318 4.862724 357.5028
190.7118 197.466 324.446 14.3222 3.719628 357.0749
190.9568 196.3432 328.6455 13.26292 2.814375 356.7186
191.1637 195.0667 333.6146 4.205065 2.242723 356.3785
191.3276 194.5171 338.7564 7.131738 1.237627 355.9943
191.3915 194.01 342.4316 10.07929 0.5565692 355.7383
191.413 193.0498 347.5684 13.00644 359.6544 355.4032
191.3667 191.9874 351.9592 15.94501 358.9251 355.1354
191.2661 190.6864 356.3333 18.88489 358.2336 354.8835
191.1146 189.1426 360.6871 21.82633 357.5779 354.6459
190.9513 187.6549 364.2929 24.77888 357.0565 354.4575
190.7155 185.6134 368.5849 27.72371 356.4591 354.2414
190.4866 183.6996 372.1319 30.67926 355.9836 354.0688
190.1793 181.1178 376.3342 25.66018 356.1484 354.2107
189.9208 179.3052 380.1072 16.66585 356.7087 354.414
189.5811 177.5824 385.7859 7.659713 357.118 354.4254
189.3134 176.8551 390.8598 2.650734 357.3412 354.3352
189.0202 176.5391 396.8511 5.609788 356.9495 354.1867
188.7365 175.9923 401.9759 8.576616 356.6326 354.0687
188.3728 175.0169 407.935 11.5401 356.2839 353.9407
187.899 173.5608 414.7295 6.462517 355.0948 354.7644
187.3758 172.9297 419.9193 1.353936 353.2106 354.4928
186.6818 172.7695 425.1373 4.218334 350.9408 354.2144
185.9479 172.4165 429.456 7.104997 349.1603 354.0005
185.0851 171.8551 433.7407 9.992283 347.4751 353.8014
184.1031 171.0705 437.9825 12.8809 345.8795 353.6156
182.787 169.8482 443.0123 15.7498 344.0778 353.4085
181.8227 168.8502 446.3186 18.66433 342.9405 353.2789
180.5425 167.3563 450.3856 21.55995 341.5859 353.125
179.4554 166.0501 453.6123 12.54212 341.6742 353.3369
177.7309 164.8554 458.7036 3.488964 341.3131 353.3291
176.2348 164.5934 463.0518 356.4477 341.0464 353.2093
174.4076 164.9147 468.2596 353.3676 340.1983 353.044
172.8345 165.4227 472.5509 350.3097 339.6325 352.8877
170.911 166.3212 477.6277 347.2417 338.9703 352.6966
168.9593 167.5079 482.6107 344.1803 338.4022 352.4894
166.6686 169.2289 488.2921 341.1125 337.7827 352.2469
164.3727 171.2671 493.821 338.0531 337.2746 351.9842
162.4166 173.267 498.4258 335.0133 336.9927 351.7114
160.4953 175.5161 502.8911 331.9803 336.7959 351.4081
158.6218 178.0067 507.2079 330.9422 336.5056 351.1604
156.7585 180.566 511.4454 333.8847 335.9116 351.0877
154.8135 182.8647 515.7508 336.8307 335.355 351.0224
153.1293 184.5506 519.3931 339.7882 334.9179 350.9731
151.3967 186.0455 523.068 342.7478 334.504 350.9278
149.2556 187.5556 527.5214 345.7021 334.0362 350.8781
147.4249 188.5794 531.258 348.6663 333.6692 350.8402
145.5569 189.3821 535.0112 351.6323 333.3218 350.8051
143.6563 189.9624 538.7741 354.6001 332.993 350.7726
141.7276 190.321 542.5399 355.6176 333.2553 349.7159
139.5059 190.6687 547.1052 352.9432 336.9594 348.0116
137.9728 191.1661 551.0207 350.5489 343.1468 346.6808
136.8994 191.8065 555.0536 348.2357 349.7973 346.3503
136.2231 192.7839 559.959 346.0224 357.1904 346.0477
136.172 193.9507 564.8454 343.7744 4.122657 345.8054
136.6914 195.3055 569.6286 343.4523 10.36226 345.6873
137.7083 196.6792 574.2967 347.0198 15.67257 345.276
139.1989 197.7412 578.8924 350.8227 22.88386 344.688
140.947 198.3497 582.5598 354.8218 31.32639 344.504
143.2703 198.6629 585.9223 359.1505 42.09251 344.3855
145.5829 198.6844 588.2435 3.256507 50.99604 344.4622
148.9053 198.4047 590.6265 7.53129 61.56246 344.7742
152.5819 197.807 592.366 11.66007 71.5663 345.7831
156.4854 197.0161 593.4565 3.628497 80.9048 348.0119
159.7582 196.7759 593.9023 357.1592 86.47135 348.3332
163.8943 196.9274 594.0416 354.6345 91.93103 348.7013
169.6525 197.3324 593.6375 358.1177 98.2564 349.2892
173.7219 197.4169 592.9441 1.401523 102.4833 349.7066
177.7318 197.2651 591.9707 4.550167 105.3088 351.5976
181.7037 197.0056 590.8589 357.5362 105.9417 353.4088
185.6899 197.1444 589.7763 354.3476 103.412 355.1842
190.5214 197.6076 588.8096 355.018 96.95998 356.1542
194.606 197.9437 588.4373 357.7898 91.56496 356.5674
198.7142 198.0775 588.4409 0.6112847 86.50452 356.4734
203.6283 197.9888 588.8572 357.5307 83.4845 355.9446
208.5195 198.1651 589.4708 354.508 81.7235 356.386
213.3654 198.6025 590.228 351.4986 80.05583 356.7904
217.3482 199.1971 590.9588 348.4999 78.75993 357.0974
221.2693 199.9745 591.7703 345.514 77.74724 356.3556
225.8925 201.1643 592.7509 342.5793 78.27592 357.4706
229.6682 202.3429 593.5727 339.5867 76.18159 359.4105
234.0232 204.0024 594.8019 336.6401 69.87903 2.06565
238.0932 205.8803 596.486 333.8131 63.95261 1.640607
241.2717 207.6275 598.0912 330.9475 62.48997 0.3230756
244.3466 209.5175 599.6759 328.073 63.78426 358.3623
247.9831 211.984 601.3395 325.3205 69.21319 355.3107
251.024 214.196 602.3474 322.7842 76.92616 351.5908
254.0771 216.5164 602.8719 320.691 87.27312 347.0807
257.6803 219.3997 602.7305 319.4587 101.2518 343.7038
261.0786 222.3303 601.8046 318.3333 111.9435 342.0557
264.195 225.3119 600.3525 317.2191 121.1901 339.9729
266.4992 227.8466 598.7665 316.2344 131.3276 337.5483
268.7953 230.8969 596.381 316.2021 145.3434 334.5616
270.4045 233.9136 593.4966 316.8419 161.172 331.6985
271.1797 236.868 590.269 317.4669 175.2205 331.6395
271.2599 239.3142 587.5196 316.8262 183.306 333.0731
270.9535 242.2631 584.2907 315.7506 188.7843 335.928
270.5226 244.782 581.713 313.7431 190.2023 339.3377
270.0237 247.8901 578.7452 311.4159 188.0124 344.4209
269.7596 250.5806 576.3889 308.8203 182.9488 349.9462
269.7821 253.9045 573.6957 306.546 173.0239 357.8525
270.1864 256.7516 571.6128 306.7327 161.5762 5.895539
271.0194 259.5693 569.6502 311.6443 149.9767 11.8018
272.3429 262.165 567.673 317.0521 140.2159 15.72976
274.4749 264.9638 565.3849 323.0083 132.5233 17.48421
276.5783 267.0088 563.5347 328.1441 129.7419 17.82427
279.3276 269.1308 561.2974 333.451 127.9056 18.86949
281.7732 270.6032 559.4205 338.2685 126.579 19.5921
284.3295 271.8143 557.5469 342.9928 125.4012 20.21071
286.9797 272.7532 555.6839 347.6263 124.3504 20.74538
289.7008 273.4348 553.8419 352.1724 123.4055 21.21251
293.0363 273.9087 551.6662 356.9171 122.392 21.70067
296.4224 274.0503 549.5385 1.547356 121.4871 22.12513
299.2692 273.8944 547.8059 5.822941 120.8074 22.43894
302.128 273.5114 546.1106 10.02708 120.1858 22.22244
305.5412 272.739 544.1012 13.98944 121.7246 21.71563
308.3113 271.8822 542.3417 17.56755 123.8634 22.20835
311.5236 270.5775 540.1185 21.19486 126.3129 22.80001
314.1051 269.2704 538.1775 24.73166 127.889 23.22932
317.135 267.4201 535.8225 28.81343 126.8411 23.21227
319.6733 265.6291 533.9522 32.80361 125.1004 22.9896
322.7234 263.1491 531.8527 36.90792 123.0984 22.68368
325.2601 260.8105 530.2252 40.71066 121.8721 21.50395
328.246 257.6864 528.3524 44.22503 123.3784 21.12969
330.6304 254.8363 526.7451 47.49126 125.528 21.94042
333.3322 251.0911 524.7615 43.19002 124.8286 20.61791
336.381 247.4902 522.584 35.00076 123.0388 18.90841
339.4211 244.9396 520.5869 34.3883 123.4675 18.81815
342.5069 242.3534 518.5109 37.59415 124.9846 19.35415
346.062 238.9121 515.971 40.81122 126.7392 19.99192
349.4695 235.1327 513.3779 43.99914 128.421 20.62179
352.1749 231.6933 511.201 47.13594 129.777 21.14649
354.7632 228.0036 509.017 50.25658 131.0921 21.67037
357.6901 223.2163 506.4214 45.77294 129.3963 19.37855
360.4916 219.3968 504.0656 37.12068 128.6099 16.91446
364.4346 215.4471 500.7601 28.29007 129.5974 16.52129
368.0645 212.761 497.6296 19.48324 129.819 16.30415
372.8005 210.4996 493.5205 10.65018 130.3897 16.58455
376.9472 209.4924 489.9102 1.875196 130.1585 17.0309
381.1879 209.3406 486.2562 356.9519 130.8282 17.72972
385.3701 209.5402 482.5347 359.7944 132.847 18.36957
389.4305 209.5173 478.6783 2.625571 134.7794 18.9661
394.1319 209.1783 473.8833 5.411939 136.9795 19.62988
397.8982 208.6029 469.7621 8.227681 138.7217 20.14377
401.5299 207.7888 465.5422 11.04002 140.3816 20.6249
405.7088 206.4552 460.3744 13.81286 142.273 21.16347
409.0375 205.0495 455.9932 9.034814 141.5349 21.12432
413.2084 203.9906 450.6761 0.4489384 139.866 21.3201
416.8393 203.8651 446.2691 355.6536 139.2333 21.74757
421.2508 204.28 441.0397 358.4895 140.5737 22.15658
424.8456 204.3866 436.6083 1.354835 141.6359 22.47218
428.3587 204.2259 432.1129 4.222761 142.6496 22.76719
431.7886 203.7973 427.5634 7.093644 143.6167 23.04353
435.7929 202.9124 422.05 9.943088 144.7192 23.35304
439.0323 201.8695 417.4203 12.82159 145.5915 23.59447
442.1823 200.5375 412.7724 11.95639 145.186 23.53697
445.3668 199.2495 408.1042 3.591296 142.3427 23.26315
449.5878 198.777 402.5736 357.0595 140.3901 23.49108
453.268 199.032 398.0771 356.1486 140.2151 23.7373
457.6955 199.4691 392.7097 359.0595 140.9241 23.95187
461.3387 199.5583 388.1902 1.988191 141.4849 24.11819
465.6931 199.4328 382.7524 357.3491 140.0636 24.31758
469.4086 199.694 378.299 354.5592 139.3007 24.55302
473.1669 200.2379 373.916 351.7803 138.4844 24.84359
477.7083 201.2029 368.7505 349.0044 137.6901 25.21812
483.0343 202.7272 362.8701 346.2357 136.8936 25.67579
487.6032 204.3465 357.9601 343.4921 135.9424 26.1714
492.1797 206.2064 353.1794 342.6598 135.3913 26.5658
495.998 207.8739 349.2795 339.9529 134.2496 27.1293
500.5824 210.1934 344.7922 337.2593 133.0816 27.79205
504.3941 212.3842 341.2267 334.5915 131.774 28.52118
508.1879 214.7765 337.8128 331.9464 130.3726 29.3457
511.961 217.3909 334.581 331.1918 129.448 29.98298
516.4965 220.6109 330.8345 334.1736 129.6819 30.08325
520.3556 223.0047 327.6227 337.1592 129.8692 30.15925
525.0516 225.5666 323.6866 340.1428 130.0838 30.24278
529.8065 227.7928 319.6716 343.1272 130.2878 30.31892
533.8096 229.3676 316.2692 346.1148 130.4501 29.8773
537.8205 230.6669 312.7963 348.7103 132.3523 28.25107
541.6863 231.7538 309.1234 350.9588 135.8775 27.93977
545.3442 232.6043 305.2039 353.2697 139.1895 27.60669
550.1177 233.5068 299.3853 353.5128 143.035 27.16424
553.8991 234.2297 294.165 350.4006 144.0077 26.99357
557.0265 235.1043 289.8549 347.7584 142.7046 27.06933
560.8499 236.443 284.8282 345.1176 141.4036 27.18611
563.438 237.5309 281.5828 342.4673 140.0431 27.45051
566.7101 239.1058 277.6591 339.8232 138.6688 27.76168
570.0133 240.9245 273.8985 337.1832 137.2539 28.15877
573.3356 242.9802 270.312 334.5502 135.789 28.64732
575.9981 244.7869 267.5721 331.9268 134.2431 29.26294
578.6674 246.7291 264.9569 334.9272 134.3207 29.15118
581.3888 248.4973 262.2967 337.9277 134.3885 29.04734
584.8461 250.4608 258.9085 340.9285 134.4623 28.92687
588.3572 252.142 255.4592 343.9294 134.5251 28.81571
591.1999 253.2764 252.6612 346.93 134.5681 28.73278
594.8109 254.4338 249.1467 350.2812 133.0347 28.78418
599.3746 255.4137 245.0845 354.1928 129.0508 28.98747
602.5943 255.7799 242.5449 357.7711 126.5622 29.08146
605.9279 255.9068 240.1379 1.325544 124.1966 29.14735
609.3563 255.7962 237.8677 4.855884 121.9451 29.18883
612.8595 255.414 235.7374 8.362375 119.8004 29.20903
616.4208 254.7978 233.7468 11.84537 117.7549 29.21052
620.0216 253.9321 231.8967 15.30536 115.8023 29.19547
624.552 252.5115 229.7729 18.84894 113.4833 29.15619
627.2786 251.4767 228.6097 22.15886 112.1526 29.12278
631.8019 249.4428 226.8239 25.64934 110.0292 29.05227
635.3968 247.5513 225.5438 29.01918 108.4104 28.98361
638.9587 245.4336 224.3857 32.36983 106.8582 28.90497
643.3495 242.4752 223.0972 35.78241 105.0056 28.79359
646.7916 239.8463 222.1969 39.09286 103.5885 28.69419
650.1491 236.9777 221.4055 42.38678 102.225 28.58556
653.4188 233.8845 220.7151 45.66494 100.912 28.46799
656.5656 230.5358 220.1246 48.92808 99.64444 28.34003
658.8385 227.8644 219.7461 52.11604 98.72141 28.23686
662.446 223.1138 219.215 55.41226 97.23148 28.05035
664.4957 220.0896 218.9607 58.58028 96.36359 27.92852
667.0518 215.8353 218.6851 61.7935 95.23068 27.7508
669.4201 211.354 218.4762 64.99495 94.12263 27.55451
671.6615 206.6852 218.3536 56.94807 85.47156 20.69867
674.511 202.2456 218.5912 48.57812 79.70452 16.6988
677.9349 198.159 219.2079 40.0434 75.4295 14.17936
680.9412 195.5222 219.9997 31.38283 72.21886 12.56078
685.3474 192.5818 221.4166 22.69622 69.31026 11.45679
690.0984 190.4225 223.2325 13.9698 66.73679 10.74514
693.7982 189.4013 224.8366 5.193785 64.54174 10.36874
700.0256 188.7359 227.8373 358.4148 62.48154 10.17269
703.7192 188.8372 229.775 355.5216 61.49596 10.10952
708.5867 189.225 232.4346 352.6424 60.39056 10.0456
713.3743 189.8918 235.1708 349.757 59.31742 10.01164
718.0686 190.8349 237.9706 346.8663 58.27199 10.00788
722.6503 192.075 240.822 343.9708 57.24965 10.03494
727.1203 193.5612 243.7097 341.071 56.24566 10.09388
731.4608 195.3114 246.6219 338.1678 55.25509 10.18625
736.7006 197.8263 250.2877 335.3495 53.328 11.95148
740.6507 200.0927 253.3406 332.7632 49.08954 14.25538
744.2295 202.5908 256.6364 330.3878 43.36241 15.39612
747.3966 205.2603 260.1831 328.061 37.77475 16.53409
750.1607 208.0526 263.944 327.7264 32.69745 17.45604
752.5457 210.923 267.8771 325.463 27.41971 18.55099
754.519 213.9461 271.9028 325.165 22.67117 19.41816
756.1296 217.0209 276.0286 328.7524 18.94462 19.7497
757.5279 219.8048 280.4102 332.3275 15.43749 20.01201
758.7 222.2884 285.0145 335.8874 12.12966 20.21679
759.6381 224.4452 289.8165 339.4298 9.004576 20.37321
760.4805 226.7438 296.0128 343.0809 5.330204 20.51332
760.9424 228.6558 302.3553 346.7005 1.890187 20.60295
761.0336 230.1579 308.8041 350.2875 358.6645 20.65117
760.7675 231.2267 315.3185 353.8417 355.6352 20.66546
760.1619 231.9109 321.8506 357.3635 352.7866 20.15193
759.0909 232.2214 329.6758 0.6467743 351.4404 19.57122
758.0839 232.0869 336.1827 3.818129 350.6892 19.49928
756.9954 231.5867 342.6646 7.038422 349.5985 19.41405
755.7079 230.7017 349.0834 10.64991 345.9469 19.18088
753.9534 229.4128 355.3414 14.45858 340.8104 18.78061
751.1789 227.3337 362.5366 18.32051 334.9868 17.73553
748.3914 225.1954 368.2375 21.73156 332.1154 15.9947
744.8581 222.1444 374.8517 24.87627 331.3558 16.0998
741.8915 219.241 380.2469 27.99 330.7678 16.18233
737.6476 214.8145 387.6789 19.47542 327.3381 15.20981
733.3928 211.9808 394.2668 10.90178 324.3118 14.64722
727.7653 210.0614 402.0399 2.326344 321.3508 14.44882
721.6026 209.6735 409.6609 359.5814 319.7134 14.49432
716.1436 209.6916 416.064 2.683816 319.208 14.53472
708.7905 209.1138 424.5263 5.764574 318.9805 13.59501
701.5723 207.9276 433.0652 8.537077 321.3964 13.73709
695.571 206.4357 440.7563 11.35111 323.3313 13.84429
689.8553 204.4322 448.5996 6.290754 324.1243 12.75418
684.3049 203.2409 456.7532 358.8801 328.0393 11.53072
679.4576 203.4364 465.4326 354.9808 336.5714 10.82159
676.0457 204.3444 474.7169 352.9995 345.8707 10.92263
674.1486 205.5914 484.3643 355.0679 354.7818 10.82639
673.7059 206.2919 492.81 357.3472 1.847138 10.64821
674.163 206.6383 499.8521 359.7401 8.140624 8.927672
675.8328 206.6802 508.1561 1.938696 17.33344 9.529813
678.1252 206.4013 514.8355 0.630649 21.14623 10.60583
680.7746 206.2264 521.3871 355.5393 22.65951 10.20071
683.5743 206.7546 527.858 352.4351 24.43076 10.34061
686.5104 207.6359 534.2211 353.4702 24.67196 11.57351
689.3727 208.4277 540.6191 356.68 22.95845 11.43079
