114.6536 93.79098 150.5603 359.2551 10.65097 353.4482
115.0543 93.76509 152.6732 356.2747 10.99385 353.4348
115.4662 93.86137 154.7738 353.2945 11.33906 353.4034
115.9252 94.08051 157.0457 350.3145 11.68852 353.3536
116.4263 94.41756 159.4582 351.3212 11.80629 353.3328
116.8383 94.60896 161.4341 354.3212 11.8063 353.3328
117.2876 94.6858 163.5894 357.3212 11.8063 353.3328
117.7769 94.63238 165.9372 0.3212202 11.8063 353.3328
118.27 94.44242 168.3031 3.321221 11.8063 353.3328
118.7722 94.11223 170.7125 6.321221 11.8063 353.3328
119.2892 93.6312 173.1924 9.321223 11.8063 353.3328
119.8721 92.91784 175.9892 12.32122 11.8063 353.3328
120.4875 91.99821 178.9413 15.32122 11.8063 353.3328
121.0908 90.94498 181.8344 18.32122 11.8063 353.3328
121.732 89.64988 184.9086 21.32122 11.8063 353.3328
122.5318 87.76276 188.7441 24.32122 11.8063 353.3328
123.2098 85.99852 191.9937 27.32123 11.8063 353.3328
124.0636 83.48856 196.0863 30.32124 11.8063 353.3328
124.9805 80.47495 200.4807 29.3409 12.20568 353.5375
126.2053 77.4361 205.9612 20.39386 13.28202 353.9915
127.5985 75.32835 211.7307 11.44095 14.2393 354.2549
129.1522 73.72421 217.8587 14.44095 14.23929 354.2549
130.7657 71.72846 224.097 17.56371 16.75253 353.5832
133.2937 68.86932 231.2698 20.88438 24.69938 354.203
136.9351 65.98511 238.428 12.00836 30.20653 355.6047
141.1418 64.48451 245.3214 3.040632 33.66124 356.0838
146.5492 64.22515 253.1108 358.0408 36.67324 356.4547
152.6856 64.15524 261.1162 0.9883608 37.7827 357.2762
157.2737 63.74361 267.3278 3.857983 33.0001 358.4408
161.5605 62.8561 274.4823 6.718677 25.15471 359.4826
165.0851 61.29023 283.4023 9.559763 14.61993 359.409
166.8606 59.67314 291.7393 4.437115 6.99892 359.3829
167.8934 59.19942 301.7119 357.394 5.855873 357.982
169.1657 59.61162 311.0283 354.5442 13.31682 356.3835
171.7507 60.40944 319.3243 351.9654 26.72546 354.5002
177.1693 61.62382 327.4684 353.9806 48.4035 352.2922
185.3204 62.19719 332.7995 358.6613 75.03806 350.3225
193.7974 61.97182 333.7235 3.415009 100.4019 350.0956
202.0219 61.04968 331.3362 7.275414 115.5245 352.0747
210.1944 60.11674 326.9015 358.5511 122.111 353.8079
218.1834 60.32843 321.987 355.383 119.66 354.968
226.3538 61.08701 317.5253 352.2149 116.7668 355.1136
234.092 61.97742 313.7675 355.0809 114.2964 355.2561
243.0881 62.44758 309.8612 357.9588 111.9465 355.3969
250.4989 62.4677 306.9559 0.8789232 110.3491 355.4954
258.5671 62.0089 304.0437 3.80827 108.8923 355.5876
266.1432 61.16821 301.5086 6.754204 107.747 355.662
275.5848 59.55872 298.5606 9.699877 106.5674 355.7404
282.7729 57.97812 296.4565 12.66632 105.8235 355.7911
291.2675 55.60173 294.0892 15.6335 105.0842 355.8427
299.9184 52.69951 291.7906 14.61389 104.6843 355.9489
308.3715 50.67427 289.571 5.614014 104.8228 356.0947
319.0994 49.92052 286.5191 358.7147 107.7639 355.7885
329.7212 50.15598 282.9601 355.7829 109.9594 355.9241
340.1409 50.97952 279.0443 352.8357 111.7956 356.0257
350.3042 52.38145 274.8696 349.8773 113.3379 356.0971
360.8463 54.05379 270.2326 352.9052 114.4999 356.1871
371.2636 55.05987 265.4128 355.9266 115.4504 356.2604
380.976 55.43565 260.7383 358.9422 116.1861 356.317
390.6022 55.23565 255.898 2.020349 118.6991 355.8643
399.9751 54.63468 250.5282 357.1338 122.2372 355.9093
409.5852 55.17065 244.2295 354.2244 125.1541 355.9367
417.1794 56.13539 238.7415 353.2848 127.1401 355.9521
426.6399 57.07816 231.3985 356.3868 130.2651 355.4436
433.4687 57.32726 225.098 359.717 138.2516 354.2826
439.7722 56.9846 217.3914 358.9648 143.7365 355.1344
446.1711 57.16861 208.8887 355.8596 139.5663 356.5568
453.4649 57.81365 201.2321 356.6266 130.4337 357.184
460.7296 58.0328 195.5323 359.4703 123.7353 357.3023
469.0374 57.75633 190.1503 2.470435 122.3964 356.4128
478.5789 56.81505 184.1981 1.452426 120.1978 356.9681
486.7125 56.78275 179.6043 356.4019 117.001 357.494
496.3961 57.44714 175.243 353.2746 109.0198 358.1541
505.866 58.28171 172.4394 356.1733 99.84801 359.43
515.6701 58.59227 171.5278 359.1454 86.76648 0.3749409
526.1011 58.35323 172.7897 2.200861 77.12114 0.2682621
536.2665 57.50708 175.5589 5.290591 70.22701 0.5855469
544.9092 56.27278 178.8949 8.376061 67.11857 0.4123014
554.067 54.37602 182.8879 7.46482 65.04592 0.7386029
563.3254 53.35248 187.3203 358.5491 63.1783 1.002975
573.1322 53.47697 192.3948 359.6301 61.61049 1.240568
582.8063 53.13879 197.7169 2.701526 60.34293 1.434242
592.3599 52.1875 203.3004 5.815633 56.41396 2.492551
601.7958 50.4688 210.3898 9.03277 46.69905 2.749117
609.6968 49.04689 218.4785 0.1288062 42.1283 1.647423
617.534 49.30202 226.8265 355.1223 47.41185 0.09373872
626.9299 50.19576 234.4048 356.1466 56.81315 359.8834
636.4701 50.69479 240.5309 357.2148 55.99295 1.480861
645.5585 50.82621 247.2615 0.4374033 46.69027 3.226121
653.5004 50.24768 256.2526 359.893 31.20543 3.861865
659.2984 50.23697 266.8459 357.0836 26.24347 2.408888
664.9191 50.68915 278.3003 358.138 28.26987 1.306784
671.5842 50.60656 289.9801 1.203442 30.03159 2.140415
678.1566 49.68814 302.5387 4.484318 20.49325 3.36815
681.8091 47.99666 315.5514 7.814274 6.625424 3.384392
682.7961 46.58119 328.5403 358.8798 2.462629 1.782807
683.36 46.8201 341.6928 355.8754 2.431251 1.797943
683.9843 47.32596 356.2518 358.8931 1.314909 2.328126
683.6402 47.01163 370.0739 2.112638 352.1205 3.40881
681.8419 46.84644 380.1336 357.2772 345.6465 3.437816
678.0759 47.44731 392.6888 354.45 338.9147 3.460777
673.5807 48.62309 404.1063 353.4652 338.8353 2.222629
669.511 49.54745 414.8365 356.4572 339.9771 1.969399
665.4105 49.85872 426.2987 359.4543 340.9599 1.749418
661.7181 49.94363 437.1397 356.4558 341.6318 1.582822
658.1625 50.66753 447.9674 355.4583 342.2097 1.446882
654.9221 51.15934 458.8441 358.4438 345.6707 0.7194716
652.3025 51.19308 469.8801 357.4424 348.4987 0.5323251
650.2037 51.6961 480.9958 354.4481 350.8308 0.3789856
648.447 52.42953 492.8123 357.4582 352.8812 0.2443777
647.3827 52.51292 504.6911 0.5141966 0.916517 358.5397
648.4377 51.96194 515.8592 3.734898 16.11855 356.9554
652.8943 51.53658 526.9656 357.0031 32.50665 357.0084
659.6514 52.10275 535.9803 354.1907 45.00646 357.0844
668.0519 52.83175 543.3965 357.325 55.18196 357.1852
676.9169 52.94872 549.0217 0.3658138 60.20646 358.3081
687.1586 53.1188 555.0765 355.3156 55.60753 0.02044081
696.1051 53.62779 561.7252 358.2976 50.37022 359.7404
704.2043 53.56351 568.3235 1.344402 53.65018 358.3268
714.7309 53.05966 575.1531 358.4786 63.44544 357.9638
724.9348 53.35298 579.7141 357.5453 69.32015 358.6057
734.7264 53.43221 583.4044 0.559213 70.37008 358.8221
746.0606 52.84096 586.8972 359.6796 79.85867 357.5934
756.508 52.88254 587.9016 356.9229 95.14338 356.3262
767.4147 53.31827 585.6099 358.2311 113.1749 356.5323
778.0244 53.24374 580.3118 1.252419 120.7749 358.3581
787.6629 53.21677 574.6384 356.1747 117.8642 0.1322368
798.433 53.86314 569.7651 357.2195 105.5324 2.166951
810.6378 53.98396 567.0884 358.3153 98.74877 1.091832
821.5879 54.30981 565.2714 355.3544 102.8498 359.7489
833.4813 55.14404 561.783 356.415 112.8376 359.1895
845.6873 55.46892 555.5266 359.5184 124.0737 359.0612
857.4982 54.97203 547.2292 358.5803 127.0164 359.5125
866.7715 55.09749 540.0687 359.6315 130.0744 358.9692
874.8575 54.74023 532.5822 2.786421 140.2884 357.445
881.7479 53.68985 523.0883 5.93153 149.0851 358.3823
887.825 51.95822 512.9616 4.957628 146.739 359.3672
894.9604 50.9959 503.2764 3.891476 137.6773 359.127
902.2897 49.86397 495.5036 6.833569 134.8254 358.2147
910.5606 48.32372 487.5243 1.769497 132.5144 357.8699
919.8524 48.04383 479.3108 0.6678432 128.3768 358.0827
930.3934 47.35588 471.4461 3.543406 123.6412 357.8568
940.2938 46.16824 465.1505 6.441938 120.2068 357.6996
951.8937 44.1209 458.6884 9.340838 117.0525 357.5603
