90.15845 218.6883 84.56848 -0.01176549 0.09229002 -0.05629407
90.69153 217.0381 87.47937 -0.03778318 0.09373201 -0.05385891
91.03925 217.0957 89.27533 -0.06377497 0.09510975 -0.05138684
91.39465 217.2466 91.04938 -0.08972306 0.09642231 -0.04887955
91.93134 217.6017 93.65021 -0.1156097 0.0976688 -0.04633876
92.46478 218.0902 96.15738 -0.141417 0.09884834 -0.04376621
93.11804 218.786 99.14694 -0.1156558 0.1007288 -0.04675911
93.54242 219.1712 101.0807 -0.089815 0.1025402 -0.04971997
94.00146 219.4456 103.1728 -0.06391243 0.1042814 -0.05264678
94.53607 219.6095 105.6104 -0.0379663 0.1059511 -0.05553749
95.02582 219.6378 107.843 -0.01152477 0.1075995 -0.0540594
95.58539 219.4797 110.6562 -0.01503676 -0.07152642 0.05135039
95.82312 219.3109 112.5807 -0.04122579 -0.04396475 0.05148249
95.97394 218.9629 114.9458 -0.06741879 -0.01493804 0.04990867
95.98676 218.416 117.6019 0.09352146 -0.01194094 -0.04691565
95.86505 217.7672 120.1692 0.1194802 -0.03288522 -0.04321094
95.62213 216.9406 122.864 0.145273 -0.05067059 -0.03880541
95.25964 215.9102 125.7096 0.1708833 -0.06569403 -0.03387135
94.77679 214.6395 128.7302 0.1963006 -0.07830544 -0.02854706
94.11768 212.9515 132.2196 0.2214972 -0.08974749 -0.0227075
93.37683 211.0754 135.6683 0.2465067 -0.09828221 -0.01692543
92.43237 208.6174 139.6589 0.2712815 -0.1059108 -0.01081438
91.42297 205.9276 143.5997 0.2792893 -0.1120224 -0.007044021
90.06573 202.3463 148.6024 0.2539591 -0.1193714 -0.007767797
88.81458 199.5926 153.0696 0.2285709 -0.1242738 -0.009533925
87.03009 196.1381 159.2933 0.2030348 -0.1296498 -0.01144662
84.93262 192.6008 166.6089 0.1783601 -0.1074776 -0.02205497
83.34027 189.5244 174.1027 0.1520647 -0.07211482 -0.02291874
82.23883 186.745 182.1678 0.1254844 -0.04212832 -0.02236717
81.56628 184.1272 191.308 0.09872615 -0.01515117 -0.02056695
81.38342 181.9698 200.8567 0.07194645 0.007338409 -0.01795404
81.63177 180.3051 210.699 0.04520789 0.02604244 -0.01476543
82.24799 179.0534 220.7237 -0.07097943 -0.0412024 0.008967591
83.1123 176.8062 234.2194 -0.06185419 -0.002141323 0.001883931
83.04932 175.8475 241.1096 0.08766379 -0.01771171 -0.0004404331
82.68292 174.428 248.7081 0.06125484 -0.03700955 3.73301E-05
81.80566 173.012 258.5418 0.03524787 -0.04908496 -0.009023239
81.04211 172.2098 267.8206 0.00882584 -0.0244262 -0.008839075
80.71417 171.9105 277.1936 -0.01759732 -0.00335351 -0.007672221
80.76874 171.9958 286.5815 0.008367889 0.0146447 -0.006511097
81.17657 171.7729 296.6858 -0.01799537 0.03110287 -0.004710878
81.90405 171.9709 306.775 -0.009433589 0.04497986 -0.003910786
82.81836 172.1145 316.1097 -0.03544576 0.05597004 0.002756419
83.80402 172.6756 326.1234 0.06145689 -0.02804583 -0.008635028
84.11511 173.63 334.6586 0.08763299 -0.0007336268 -0.008508495
83.92847 175.2388 344.4704 -0.09633672 -0.02651809 0.007435611
83.13983 177.4451 356.166 -0.1220654 -0.03469856 0.001176462
82.47345 179.6596 365.5837 -0.1132923 -0.03397926 0.0008579274
82.0575 180.9984 371.5875 -0.1218904 -0.03357277 0.0002135003
81.42786 183.1787 380.7966 -0.1304576 -0.0329673 -0.0005461164
80.86377 185.3515 389.1844 -0.1044071 -0.03263431 -4.781224E-05
80.26709 187.1635 398.2095 -0.07828974 -0.03232054 0.0004550757
79.72198 188.3712 406.5741 -0.05213067 -0.03208262 0.001012181
79.18439 189.2222 414.9146 -0.07819845 -0.0317829 -7.652847E-05
78.698 190.3244 422.5154 0.1039761 0.02537036 0.009646484
78.55054 191.8913 430.6122 -0.1302406 0.031664 -0.02120198
79.80988 194.0071 439.0092 -0.157385 0.1534061 -0.02668121
83.32727 196.4393 446.4676 -0.1834646 0.3184798 -0.02312943
90.1748 199.3659 452.5638 -0.1971457 0.5106922 0.004124267
98.16498 202.141 455.2132 -0.2021246 0.6435718 0.03559786
106.3831 204.9488 455.1984 -0.1722301 0.7394789 0.04870776
113.85 207.1751 453.6297 -0.141169 0.786314 0.03727564
121.084 208.8116 451.1872 -0.1141713 0.8229089 0.0225491
128.0136 209.9205 448.0196 -0.08323582 0.847779 0.009915292
134.7904 210.563 444.5891 -0.06125115 0.847862 -0.008603247
141.5808 210.7667 441.2216 -0.04035067 0.8475126 -0.02759749
147.9038 210.5719 438.1333 0.02450048 -0.8466842 0.04948827
154.1942 209.9886 434.9413 0.01811455 -0.8673653 0.07646818
160.0742 208.9718 430.9934 0.01687777 -0.9104314 0.1035586
164.9475 207.4892 425.7916 0.01016829 -0.9516298 0.1255317
168.2554 205.7103 420.0152 -0.0008966364 -0.9682468 0.1465448
170.8049 203.5271 413.7631 -0.001455553 -0.9736361 0.1702473
172.7672 200.8899 407.1995 -0.00904298 -0.973881 0.1931286
174.5148 197.8291 400.4265 -0.01779324 -0.9666322 0.2161632
176.8997 194.0012 393.0556 -0.02049258 -0.9554718 0.2396198
178.9354 190.9743 387.9804 -0.02519763 -0.9453444 0.2631742
182.8722 185.1672 379.5855 -0.02323376 -0.9414295 0.2528219
185.701 181.6641 374.3507 -0.01674641 -0.9440507 0.2270176
189.9996 177.3629 366.9946 -0.009205173 -0.9449847 0.2010073
194.8356 173.4021 359.3488 -0.000907552 -0.9455499 0.1751981
201.5739 168.933 349.5127 -0.003627031 -0.9373295 0.1454813
208.0961 165.9232 341.9306 0.008072848 -0.9178587 0.1202004
216.4448 163.2962 334.4559 0.01125372 -0.8867951 0.08997434
225.5302 161.6153 328.9717 0.02650734 -0.8294423 0.06424209
236.6547 160.6367 325.4295 0.04339702 -0.7566627 0.03748037
254.6848 160.6028 325.222 -0.08056629 0.6191511 -0.02724769
265.0956 161.5289 328.0791 -0.1077184 0.5668963 -0.01369272
275.773 163.3752 332.4268 -0.1380238 0.5152537 -0.006319929
287.3395 166.3416 338.4146 -0.1662357 0.4984053 0.003372776
299.8755 170.4444 345.4363 -0.1944512 0.4665138 0.01181652
307.4667 173.7455 350.215 -0.2203595 0.4485839 0.02104721
317.2384 178.8592 356.8203 -0.2168639 0.430836 0.01322851
325.9786 183.4492 363.3051 -0.1913148 0.4011839 0.01061855
333.3156 187.2159 370.2787 -0.1992589 0.3238501 0.01528082
340.9177 192.4428 380.6717 -0.2089381 0.2468649 0.01031718
345.1409 196.3357 388.4491 -0.1834591 0.206752 0.002489366
348.4296 199.367 395.9719 -0.1572826 0.174453 -0.003106236
351.4402 202.1768 404.453 -0.1305344 0.1432766 -0.006915927
354.0963 204.6341 413.8716 -0.1033958 0.1138738 -0.009101329
356.0394 206.4099 422.7015 -0.07623138 0.09043144 -0.0101762
357.7998 207.8598 433.1074 -0.08359743 0.0666632 -0.007610024
358.821 209.159 441.2501 -0.1087184 0.05049329 -0.005076648
359.637 211.0068 450.0071 -0.1338298 0.03505906 -0.003412656
360.2211 213.4574 459.2991 -0.1589117 0.02063706 -0.002555323
360.5175 216.152 467.6447 -0.184085 0.008463153 -0.006665917
360.7777 219.2263 475.7336 -0.2092973 0.03543297 -0.01396131
361.6695 222.6561 483.4937 -0.2340025 0.07821953 -0.01031148
363.3382 226.7188 491.4577 -0.258064 0.1177926 -0.004680706
365.58 231.091 498.9169 -0.2815952 0.1512557 0.002345317
368.0342 235.4041 505.3349 -0.3047867 0.1774228 0.01011926
370.7862 239.9648 511.2848 -0.3300861 0.212952 0.007677283
374.475 245.096 516.9706 -0.3543509 0.2957902 0.01186403
379.7048 250.7142 521.6388 -0.368802 0.4268692 0.03705465
388.4045 258.0906 524.9457 -0.3366947 0.5679107 0.05865638
394.4449 262.2227 525.7061 -0.2987657 0.6071837 0.05606824
399.6292 265.2267 526.2688 -0.2635399 0.602952 0.05027378
406.824 268.9822 527.73 -0.2317577 0.5599084 0.03610413
413.3178 271.9849 529.9843 -0.1998642 0.524819 0.023725
420.034 274.7054 533.1509 -0.1689552 0.4904554 0.009477944
426.5143 276.8946 536.7946 -0.143084 0.4984804 -0.01162457
433.1913 278.5059 540.0686 -0.1157085 0.5555353 -0.02704122
439.7237 279.4575 542.3014 -0.08903576 0.6051039 -0.04162854
446.4494 279.9139 543.8214 -0.06446856 0.6455827 -0.05826224
453.8085 279.8775 544.772 0.04160098 -0.6806523 0.07649869
460.7004 279.3851 545.0952 0.02067211 -0.7068617 0.0957977
467.6266 278.4455 544.9548 0.004336276 -0.72786 0.1188423
475.108 276.9203 544.214 -0.002583056 -0.7748346 0.1483172
482.9205 274.6324 541.9337 -0.01437504 -0.8374794 0.1705279
488.7691 272.3094 538.8357 -0.02344671 -0.8720649 0.193403
494.6067 269.2453 534.4725 -0.02928719 -0.898211 0.2169026
500.28 265.3105 528.7911 -0.03221906 -0.9166276 0.2407031
504.9642 261.0639 522.7275 -0.03372309 -0.9263295 0.2646016
509.4059 255.7603 515.5093 -0.03323545 -0.9316387 0.2884888
513.2474 249.6496 507.6751 -0.03340204 -0.9409941 0.27804
517.0862 243.3855 499.0556 -0.02394602 -0.9470553 0.2527921
521.0654 237.8033 490.3695 -0.01515167 -0.9525964 0.2275142
525.3534 232.5403 481.0567 0.001604569 -0.9617048 0.2037844
529.5805 227.2791 470.1147 0.00845179 -0.9728704 0.1776426
533.1586 222.5201 458.2764 0.01326221 -0.9813923 0.151069
535.7614 218.9373 447.5273 0.008158406 -0.9854403 0.123581
538.8679 215.6405 435.5374 0.01221884 -0.9861594 0.09712842
542.1646 213.23 424.2617 0.008386681 -0.9854403 0.06951731
547.0978 211.1695 411.1929 0.003269901 -0.9706501 0.0403674
552.8798 210.2294 401.6992 0.002731283 -0.9391741 0.01018993
562.4393 209.896 392.6314 -0.01473659 0.8649005 0.01857259
577.3927 210.5179 386.4451 -0.05310182 0.7605048 0.03026558
588.3987 211.7228 385.1117 -0.08769426 0.7239852 0.03779821
601.2969 213.9657 384.3498 -0.1070167 0.7086824 0.05906225
611.0503 216.2534 384.3654 -0.122631 0.6702256 0.08324511
620.4771 219.1237 385.6589 -0.146458 0.5926846 0.09801327
631.769 223.528 389.7537 -0.1820632 0.5172071 0.09288445
