90.18431 221.9869 84.56049
90.45205 221.8216 85.98865
90.71764 221.375 87.40485
91.0966 220.3257 89.42542
91.49125 218.7773 91.52829
91.90733 216.5266 93.73331
92.67912 213.3417 97.44179
93.73656 210.6464 102.0489
95.449 208.0541 108.995
97.45469 206.6374 116.6624
99.86535 206.6333 125.3789
102.6251 207.8949 131.9258
106.7754 210.0616 137.1579
111.9167 211.3916 141.4069
117.0128 211.4201 144.4296
122.7921 210.2784 146.9697
128.908 207.7853 149.7942
133.3825 204.8489 152.3825
138.3656 200.2109 155.7497
144.6073 195.7174 160.3271
152.6064 192.0599 166.5294
161.6512 190.1085 173.8252
170.8327 190.1563 181.399
179.2315 192.3461 189.3418
185.4249 196.4155 197.3397
190.4937 202.7247 205.8936
192.8353 209.7291 213.0449
192.868 218.1274 219.5784
191.2405 224.7821 225.8785
188.1226 229.9153 232.6622
183.7884 233.4587 239.4441
178.9538 237.3842 245.2694
175.1275 241.2587 250.7915
174.5757 244.3817 259.4895
178.124 245.8898 266.677
181.3248 245.6359 273.597
181.5134 244.8476 282.605
179.6901 242.6886 290.0714
175.7894 238.4971 299.0135
172.1677 233.7721 306.2768
168.2942 227.9492 314.6485
165.1316 218.9252 326.0847
163.6397 209.5844 338.8851
162.8979 198.8266 353.8138
161.1658 188.8493 370.9933
163.4532 176.6067 391.9428
165.4705 164.4983 415.0255
165.985 156.4979 441.2339
168.6555 153.2361 467.7785
158.7235 154.7882 493.5658
142.5029 160.0931 509.4605
126.9066 168.1375 518.539
113.3548 178.5512 525.3741
103.3182 189.8372 530.7982
94.8682 204.5222 536.853
90.93942 219.9289 544.9941
89.77478 233.177 556.6804
91.80075 246.5456 569.3539
96.65405 260.3579 584.8082
103.0978 270.5518 599.3513
112.4892 276.6771 614.1449
125.2707 278.9929 629.6794
139.5931 276.9469 643.8715
154.7022 270.6498 656.5526
169.5194 261.6503 665.6328
189.511 252.3559 670.4384
213.7616 243.0583 663.4576
236.2506 239.3448 655.3578
260.6629 240.3468 644.9805
279.041 244.9063 626.6069
291.9967 252.9836 606.8685
303.1302 258.7743 584.4786
315.2137 260.4009 562.2109
330.2508 258.332 543.2076
348.1612 251.8868 525.725
369.0088 240.2163 509.0634
389.3546 223.8335 495.0957
418.9793 204.3334 480.8052
456.1451 190.8789 473.2704
499.1428 179.8997 472.0195
542.447 175.7867 461.8468
576.6186 178.9579 445.7549
610.5945 188.2597 440.5609
635.6728 193.818 457.4638
649.5129 196.1463 491.3853
659.0958 193.5427 525.394
671.5216 185.4262 553.2966
