90.18334 221.9782 84.56079 -0.01176549 0.09229007 -0.05629408
90.43261 221.8218 85.8902 -0.0749123 -0.09695026 0.06418784
90.70204 221.4131 87.31643 -0.09224961 -0.101731 0.06518272
91.03535 221.1436 88.93748 -0.005755709 -0.1070249 0.05606825
91.41259 221.1707 90.61138 0.080782 -0.1115044 0.04652705
91.76917 221.2305 92.11765 -0.005670694 -0.1166503 0.05679158
92.15928 220.9795 93.76569 -0.09208066 -0.1209085 0.06662399
92.53928 220.4349 95.3707 -0.17779 -0.1242466 0.07594938
92.95292 219.484 97.11762 -0.2621461 -0.126639 0.08469673
93.40791 217.9672 99.0388 -0.3445071 -0.1280677 0.09279949
94.04253 215.8924 101.5896 -0.2625452 -0.1356683 0.08128454
94.94209 214.0756 104.9074 -0.1785852 -0.1422365 0.06915095
96.24252 212.5882 109.3962 -0.09326603 -0.1477222 0.05649109
97.50861 211.735 113.5782 -0.1104504 -0.1510687 0.05877306
99.06724 210.7921 118.5785 -0.02456748 -0.1556162 0.0453829
100.9733 210.757 124.3995 0.06150241 -0.1589794 0.03164736
103.2465 212.0966 130.9622 0.1471042 -0.1611327 0.01767097
104.9902 213.8721 135.4544 -0.232008 0.18481 -0.005595011
106.7 216.0519 139.141 -0.2320121 0.2075491 -0.005146788
108.4476 217.5256 142.5637 -0.1822472 0.2290786 -0.01701488
110.3762 219.2285 145.9692 -0.2644689 0.2424761 0.004757871
112.0856 221.3166 148.6498 -0.3442349 0.2510364 0.02811803
113.8797 224.2097 151.1299 -0.405913 0.259324 0.0477773
115.6059 226.7563 153.3172 -0.3298307 0.2842972 0.02034097
117.2541 228.4196 155.3447 -0.2517488 0.3054235 -0.0088271
119.4345 229.8361 157.9546 -0.2202749 0.3216166 -0.02124541
121.2461 231.1961 159.9637 -0.2994638 0.3264808 0.007642459
123.0901 232.7978 161.8508 -0.2507625 0.3418697 -0.005437021
124.916 233.9619 164.0615 -0.1993395 0.2784392 -0.01543885
126.1132 235.0395 166.0046 -0.2797736 0.2195106 0.005693663
127.115 236.3959 168.1381 -0.2310949 0.1810717 -0.02060776
128.1354 237.3484 170.0381 -0.2653718 0.2665149 -0.02559087
129.4726 238.5528 171.514 -0.3385279 0.351943 0.01184887
130.8155 239.9122 172.4488 -0.3954255 0.3973315 0.07501161
132.241 241.8123 173.4089 -0.4170752 0.3645755 0.09073718
133.292 243.1097 174.2415 -0.3401596 0.3640723 0.0563421
134.2061 243.9165 175.0555 -0.2599856 0.3652096 0.02450076
134.9186 244.3454 175.7921 -0.1706461 0.3230818 0.0117891
135.4799 244.5584 176.5914 -0.08158471 0.256239 -0.004828899
135.9433 244.5704 177.5011 -0.01151048 -0.1900592 0.009619087
136.3153 244.3913 178.3976 -0.09993729 -0.2099753 0.03335517
136.8058 243.9874 179.3676 0.1887832 0.2485808 -0.04415906
137.5661 243.2916 180.5906 0.1597891 0.2877539 -0.02729629
138.5527 242.8032 181.9475 0.08097661 0.3182974 0.007061012
139.8945 242.3936 183.6469 0.1247235 0.2926369 0.02646926
141.0954 241.559 185.5999 0.2109948 0.2082495 0.01698719
141.9504 240.3291 187.535 0.296335 0.143364 0.01385634
142.6902 238.2482 189.8809 0.3798676 0.08320343 0.01841866
143.1785 235.4181 192.1816 0.4600587 0.03544587 0.02622345
143.4716 231.4992 194.4249 0.5362915 -0.004415654 0.0372548
143.5728 226.0295 196.8942 0.5069596 -0.03852595 0.05221189
143.3184 220.0643 200.7239 0.4302855 -0.06964839 0.06105236
142.7547 213.6568 206.5515 -0.3521438 0.004020097 -0.0246149
144.3932 207.0819 215.1098 0.2618589 0.1591049 0.03224499
149.0628 202.5726 223.9137 0.1696542 0.2787033 0.06553289
156.0924 200.3574 232.4648 0.08084182 0.3694383 0.113664
165.6856 200.7291 241.0648 0.002274469 -0.440291 -0.174293
174.424 203.2658 248.9638 0.0207384 -0.3474725 -0.2054667
181.1539 204.2579 259.6 0.05982588 0.1986026 0.2047514
184.9008 202.7401 270.8346 0.09283772 0.06830531 0.2179572
184.323 200.687 284.2275 -0.07339113 0.1527209 -0.2155914
180.406 198.8453 295.7665 0.00723468 0.1840915 -0.1844888
176.0559 198.9639 306.5359 -0.08668735 -0.1657091 0.1483743
173.5434 201.4055 317.454 -0.1698999 -0.004977958 0.1365645
174.752 205.2611 329.5932 0.09795826 -0.1528333 -0.1403521
179.6169 207.9544 340.9218 0.1095134 -0.276894 -0.1430395
187.107 212.0197 350.9245 0.086819 -0.3814161 -0.1354294
195.581 214.1548 358.3728 0.004610772 -0.4554828 -0.09232026
205.9826 214.1318 365.9072 0.09096731 0.3955908 0.07772993
212.4431 211.7197 375.0359 0.1765406 0.1119915 0.09090531
212.2034 207.3086 386.0104 0.1385418 -0.1944918 0.09605913
205.28 204.4434 395.7211 -0.03569441 0.4326515 -0.05202778
196.2611 204.1571 401.9278 0.0333362 0.4635874 0.04705097
187.9341 206.3121 409.7471 0.1043242 0.3070441 0.1025569
182.7984 208.3464 419.8364 0.03112945 0.1555346 0.09313331
180.5639 208.3772 431.8304 0.04790206 -0.01505338 -0.1038607
181.2619 206.1583 443.9212 -0.1261444 -0.1168958 0.1419509
185.8723 201.3732 454.6254 -0.1922327 -0.3559351 0.1918103
193.5579 194.8015 460.302 -0.192319 -0.6006784 0.2581424
203.9715 188.3036 460.1017 -0.1097949 -0.7857854 0.1861805
215.3237 183.9656 455.935 0.066019 0.8148636 -0.08436587
228.5142 182.1673 451.6032 -0.006697155 0.7989684 -0.003871906
242.9222 183.5113 447.8616 -0.08126777 0.7766061 0.07219326
256.8367 187.6623 444.9289 -0.1108359 0.759253 0.09044606
270.923 190.7556 442.5486 -0.06961387 0.7534917 0.0286028
285.2672 191.694 440.6546 0.02314321 -0.7457036 0.03226066
299.6551 190.39 439.2068 -0.003783817 -0.7372416 0.06640347
314.1958 190.1 437.9862 0.06220282 -0.7319366 -0.001311733
329.375 192.636 436.8073 0.1281177 -0.7214835 -0.06724203
344.7471 197.4043 435.661 -0.1228705 0.7196252 0.05593385
359.4206 200.482 434.722 -0.1276595 0.7177256 0.0571144
375.2663 205.127 433.6818 -0.1173101 0.7162699 0.0482515
390.4493 207.8224 434.0067 -0.1017037 0.6598931 0.04334072
406.6192 211.7663 436.9927 -0.08958926 0.6025677 0.03390303
422.3492 213.4536 442.2653 -0.0174182 0.5570806 -0.01296482
436.6985 212.2785 448.8539 -0.05942264 -0.518526 0.05353794
449.6109 208.5846 456.0687 -0.1382476 -0.4850335 0.08972634
460.413 202.8922 462.947 -0.2170398 -0.4561791 0.1232772
469.8036 195.1866 469.4931 -0.2800657 -0.4315976 0.1470732
481.0176 186.3178 477.9015 -0.2082202 -0.4274116 0.103138
495.0037 178.8411 489.1132 -0.1331914 -0.4204281 0.06151766
509.8491 174.4671 501.733 0.0538685 0.4159355 -0.02641826
523.9823 173.5659 512.9193 0.02507544 -0.4565978 -0.01122187
539.7261 175.9759 523.3939 0.0990629 -0.4864153 -0.05828948
554.4381 181.3978 531.8628 0.1702325 -0.5033102 -0.1081034
567.4315 189.1469 538.5463 0.2387122 -0.5094805 -0.158943
579.9368 197.8126 544.4108 0.192711 -0.530503 -0.1376953
593.5603 203.9501 550.2843 0.1189635 -0.551017 -0.09459473
607.9352 207.3501 556.0336 0.04588738 -0.5654548 -0.04828234
621.5286 207.9849 561.7373 0.03765092 0.5172165 0.01747154
633.2265 206.1701 568.851 0.1167859 0.448101 -0.01775062
643.8915 201.908 576.9089 0.1902708 0.4402097 -0.06321364
654.4679 195.1864 584.094 0.2669048 0.4530351 -0.09822026
664.0209 186.677 589.7561 0.3405537 0.4529034 -0.134181
671.9235 176.7088 594.5231 0.4168756 0.3910994 -0.1570794
678.1327 164.618 599.2509 0.4857406 0.3371677 -0.1861653
683.1598 149.2652 603.3232 0.5315929 0.3723065 -0.2562711
