90.18233 221.9691 84.5611 -0.01176549 0.09229002 -0.05629407
91.2576 220.2183 90.29713 -0.245902 -0.1040271 0.07845368
93.33688 213.3669 100.4453 -0.1787178 -0.1192003 0.06654766
100.7129 210.1549 121.4012 -0.08957155 0.422008 -0.05833426
120.1492 206.6032 128.7671 -0.1525675 -0.5599821 0.1401221
138.6645 192.394 137.5376 -0.2025749 -0.4990506 0.1473355
171.47 182.6312 157.247 0.02171199 -0.4785428 0.01093712
197.2436 192.5623 182.922 0.255537 -0.136434 -0.07451925
201.6171 216.5405 207.6609 0.4481531 -0.05046101 -0.02520897
203.4044 237.3952 233.5394 -0.198696 -0.0268296 -0.001770867
195.4583 241.1024 261.6569 -0.06168616 0.2268775 -0.04892529
185.9524 228.1717 288.9002 -0.318009 0.05702484 -0.07245141
190.6934 196.4866 323.793 0.2776968 0.06453661 0.06495542
168.0095 174.6282 390.2757 0.0004844691 -0.1817244 -0.0390718
170.9675 187.9996 481.8011 -0.2044557 -0.0888591 -0.01671033
131.1976 214.5924 537.9282 -0.1061902 -0.4166134 0.005813519
135.1057 237.4823 579.8321 -0.2273836 0.5842667 0.1133177
186.6687 270.7578 592.12 0.05540572 -0.6767465 -0.2187525
245.091 280.0897 581.7884 0.1299127 0.8464261 0.05544646
300.1454 258.8697 555.2846 0.2232922 0.8580354 -0.1951535
343.1718 238.6217 491.9843 0.131986 0.965282 0.05314241
377.4995 243.3376 433.5651 0.1809225 0.9195196 -0.017492
436.9185 227.7767 382.1803 0.1448454 0.8601767 0.07884823
522.1273 231.1507 341.5344 0.1391044 0.7960429 0.09497162
603.6901 226.8259 377.429 0.09994598 0.4182341 0.05775648
663.2844 209.5613 445.8582 0.07864708 0.1388959 0.04462859
